[pos_0] Best epoch: 91
Best TEST Acc   : 0.4381
Best TEST MacroF1: 0.4304

=== Classification Report (best) ===
              precision    recall  f1-score   support

           0     0.5856    0.7260    0.6483       146
           1     0.5810    0.4178    0.4861       146
           2     0.6667    0.4384    0.5289       146
           3     0.4929    0.4726    0.4825       146
           4     0.4976    0.7055    0.5836       146
           5     0.2976    0.3425    0.3185       146
           6     0.7348    0.6644    0.6978       146
           7     0.5408    0.3630    0.4344       146
           8     0.3258    0.4932    0.3924       146
           9     0.6870    0.6164    0.6498       146
          10     0.4839    0.6164    0.5422       146
          11     0.3648    0.3973    0.3803       146
          12     0.5484    0.4658    0.5037       146
          13     0.5118    0.4452    0.4762       146
          14     0.3617    0.2329    0.2833       146
          15     0.2745    0.1918    0.2258       146
          16     0.3878    0.1301    0.1949       146
          17     0.3716    0.8425    0.5157       146
          18     0.5694    0.5616    0.5655       146
          19     0.2537    0.2329    0.2429       146
          20     0.1983    0.3151    0.2434       146
          21     0.3836    0.1918    0.2557       146
          22     0.4505    0.2808    0.3460       146
          23     0.3017    0.3699    0.3323       146

    accuracy                         0.4381      3504
   macro avg     0.4530    0.4381    0.4304      3504
weighted avg     0.4530    0.4381    0.4304      3504
