[pos_3] Best epoch: 55
Best TEST Acc   : 0.5108
Best TEST MacroF1: 0.5006

=== Classification Report (best) ===
              precision    recall  f1-score   support

           0     0.7304    0.5753    0.6437       146
           1     0.6309    0.6438    0.6373       146
           2     0.4375    0.6233    0.5141       146
           3     0.4231    0.2260    0.2946       146
           4     0.4973    0.6370    0.5586       146
           5     0.4070    0.2397    0.3017       146
           6     0.6223    0.8014    0.7006       146
           7     0.6857    0.4932    0.5737       146
           8     0.2871    0.4110    0.3380       146
           9     0.3986    0.4041    0.4014       146
          10     0.4386    0.6849    0.5348       146
          11     0.4174    0.3288    0.3678       146
          12     0.3922    0.2740    0.3226       146
          13     0.4258    0.4521    0.4385       146
          14     0.2791    0.1644    0.2069       146
          15     0.3162    0.2534    0.2814       146
          16     0.5385    0.7192    0.6158       146
          17     0.7152    0.7740    0.7434       146
          18     0.6180    0.7534    0.6790       146
          19     0.7875    0.4315    0.5575       146
          20     0.6325    0.5068    0.5627       146
          21     0.3125    0.3082    0.3103       146
          22     0.5107    0.8151    0.6280       146
          23     0.8780    0.7397    0.8030       146

    accuracy                         0.5108      3504
   macro avg     0.5159    0.5108    0.5006      3504
weighted avg     0.5159    0.5108    0.5006      3504
              precision    recall  f1-score   support

           0     0.7304    0.5753    0.6437       146
           1     0.6309    0.6438    0.6373       146
           2     0.4375    0.6233    0.5141       146
           3     0.4231    0.2260    0.2946       146
           4     0.4973    0.6370    0.5586       146
           5     0.4070    0.2397    0.3017       146
           6     0.6223    0.8014    0.7006       146
           7     0.6857    0.4932    0.5737       146
           8     0.2871    0.4110    0.3380       146
           9     0.3986    0.4041    0.4014       146
          10     0.4386    0.6849    0.5348       146
          11     0.4174    0.3288    0.3678       146
          12     0.3922    0.2740    0.3226       146
          13     0.4258    0.4521    0.4385       146
          14     0.2791    0.1644    0.2069       146
          15     0.3162    0.2534    0.2814       146
          16     0.5385    0.7192    0.6158       146
          17     0.7152    0.7740    0.7434       146
          18     0.6180    0.7534    0.6790       146
          19     0.7875    0.4315    0.5575       146
          20     0.6325    0.5068    0.5627       146
          21     0.3125    0.3082    0.3103       146
          22     0.5107    0.8151    0.6280       146
          23     0.8780    0.7397    0.8030       146

    accuracy                         0.5108      3504
   macro avg     0.5159    0.5108    0.5006      3504
weighted avg     0.5159    0.5108    0.5006      3504
