[pos_4] Best epoch: 52
Best TEST Acc   : 0.4685
Best TEST MacroF1: 0.4394

=== Classification Report (best) ===
              precision    recall  f1-score   support

           0     0.5086    0.8027    0.6227       147
           1     0.5806    0.2449    0.3445       147
           2     0.1789    0.1497    0.1630       147
           3     0.4867    0.4966    0.4916       147
           4     0.6183    0.7823    0.6907       147
           5     0.4375    0.2857    0.3457       147
           6     0.3355    0.3469    0.3411       147
           7     0.4655    0.5510    0.5047       147
           8     0.4928    0.6939    0.5763       147
           9     0.5000    0.5306    0.5149       147
          10     0.4167    0.4762    0.4444       147
          11     0.6290    0.9456    0.7554       147
          12     0.6099    0.5850    0.5972       147
          13     0.1532    0.1156    0.1318       147
          14     0.2642    0.1905    0.2213       147
          15     0.2000    0.0340    0.0581       147
          16     0.4779    0.7347    0.5791       147
          17     0.3269    0.2313    0.2709       147
          18     0.3947    0.2041    0.2691       147
          19     0.6747    0.7619    0.7157       147
          20     0.4860    0.5918    0.5337       147
          21     0.2747    0.1701    0.2101       147
          22     0.5963    0.6531    0.6234       147
          23     0.4558    0.6667    0.5414       147

    accuracy                         0.4685      3528
   macro avg     0.4402    0.4685    0.4394      3528
weighted avg     0.4402    0.4685    0.4394      3528
              precision    recall  f1-score   support

           0     0.5086    0.8027    0.6227       147
           1     0.5806    0.2449    0.3445       147
           2     0.1789    0.1497    0.1630       147
           3     0.4867    0.4966    0.4916       147
           4     0.6183    0.7823    0.6907       147
           5     0.4375    0.2857    0.3457       147
           6     0.3355    0.3469    0.3411       147
           7     0.4655    0.5510    0.5047       147
           8     0.4928    0.6939    0.5763       147
           9     0.5000    0.5306    0.5149       147
          10     0.4167    0.4762    0.4444       147
          11     0.6290    0.9456    0.7554       147
          12     0.6099    0.5850    0.5972       147
          13     0.1532    0.1156    0.1318       147
          14     0.2642    0.1905    0.2213       147
          15     0.2000    0.0340    0.0581       147
          16     0.4779    0.7347    0.5791       147
          17     0.3269    0.2313    0.2709       147
          18     0.3947    0.2041    0.2691       147
          19     0.6747    0.7619    0.7157       147
          20     0.4860    0.5918    0.5337       147
          21     0.2747    0.1701    0.2101       147
          22     0.5963    0.6531    0.6234       147
          23     0.4558    0.6667    0.5414       147

    accuracy                         0.4685      3528
   macro avg     0.4402    0.4685    0.4394      3528
weighted avg     0.4402    0.4685    0.4394      3528
