[pos_4] Best epoch: 21
Best TEST Acc   : 0.4334
Best TEST MacroF1: 0.4214

=== Classification Report (best) ===
              precision    recall  f1-score   support

           0     0.4436    0.8027    0.5714       147
           1     0.4536    0.2993    0.3607       147
           2     0.3739    0.2925    0.3282       147
           3     0.5164    0.4286    0.4684       147
           4     0.7671    0.3810    0.5091       147
           5     0.5752    0.4422    0.5000       147
           6     0.4056    0.4966    0.4465       147
           7     0.4189    0.4218    0.4203       147
           8     0.4342    0.6735    0.5280       147
           9     0.4416    0.4626    0.4518       147
          10     0.3122    0.4694    0.3750       147
          11     0.5070    0.7347    0.6000       147
          12     0.7818    0.2925    0.4257       147
          13     0.2342    0.2517    0.2426       147
          14     0.2381    0.2381    0.2381       147
          15     0.3106    0.2789    0.2939       147
          16     0.5478    0.4286    0.4809       147
          17     0.3711    0.2449    0.2951       147
          18     0.3021    0.1973    0.2387       147
          19     0.4625    0.7551    0.5736       147
          20     0.3770    0.4694    0.4182       147
          21     0.1667    0.0816    0.1096       147
          22     0.5683    0.7075    0.6303       147
          23     0.6750    0.5510    0.6067       147

    accuracy                         0.4334      3528
   macro avg     0.4452    0.4334    0.4214      3528
weighted avg     0.4452    0.4334    0.4214      3528
              precision    recall  f1-score   support

           0     0.4436    0.8027    0.5714       147
           1     0.4536    0.2993    0.3607       147
           2     0.3739    0.2925    0.3282       147
           3     0.5164    0.4286    0.4684       147
           4     0.7671    0.3810    0.5091       147
           5     0.5752    0.4422    0.5000       147
           6     0.4056    0.4966    0.4465       147
           7     0.4189    0.4218    0.4203       147
           8     0.4342    0.6735    0.5280       147
           9     0.4416    0.4626    0.4518       147
          10     0.3122    0.4694    0.3750       147
          11     0.5070    0.7347    0.6000       147
          12     0.7818    0.2925    0.4257       147
          13     0.2342    0.2517    0.2426       147
          14     0.2381    0.2381    0.2381       147
          15     0.3106    0.2789    0.2939       147
          16     0.5478    0.4286    0.4809       147
          17     0.3711    0.2449    0.2951       147
          18     0.3021    0.1973    0.2387       147
          19     0.4625    0.7551    0.5736       147
          20     0.3770    0.4694    0.4182       147
          21     0.1667    0.0816    0.1096       147
          22     0.5683    0.7075    0.6303       147
          23     0.6750    0.5510    0.6067       147

    accuracy                         0.4334      3528
   macro avg     0.4452    0.4334    0.4214      3528
weighted avg     0.4452    0.4334    0.4214      3528
