[pos_3] Best epoch: 28
Best TEST Acc   : 0.4752
Best TEST MacroF1: 0.4656

=== Classification Report (best) ===
              precision    recall  f1-score   support

           0     0.7093    0.4178    0.5259       146
           1     0.6860    0.5685    0.6217       146
           2     0.4185    0.6507    0.5094       146
           3     0.3116    0.2945    0.3028       146
           4     0.5076    0.6849    0.5831       146
           5     0.4314    0.1507    0.2234       146
           6     0.6256    0.8699    0.7278       146
           7     0.6569    0.4589    0.5403       146
           8     0.2463    0.3425    0.2865       146
           9     0.3571    0.3425    0.3497       146
          10     0.4759    0.5411    0.5064       146
          11     0.4694    0.3151    0.3770       146
          12     0.3857    0.3699    0.3776       146
          13     0.4294    0.5205    0.4706       146
          14     0.3106    0.2808    0.2950       146
          15     0.3276    0.1301    0.1863       146
          16     0.4696    0.7397    0.5745       146
          17     0.5771    0.6918    0.6293       146
          18     0.4734    0.5479    0.5079       146
          19     0.5421    0.3973    0.4585       146
          20     0.5306    0.5342    0.5324       146
          21     0.2685    0.2740    0.2712       146
          22     0.5077    0.6781    0.5806       146
          23     0.9462    0.6027    0.7364       146

    accuracy                         0.4752      3504
   macro avg     0.4860    0.4752    0.4656      3504
weighted avg     0.4860    0.4752    0.4656      3504
              precision    recall  f1-score   support

           0     0.7093    0.4178    0.5259       146
           1     0.6860    0.5685    0.6217       146
           2     0.4185    0.6507    0.5094       146
           3     0.3116    0.2945    0.3028       146
           4     0.5076    0.6849    0.5831       146
           5     0.4314    0.1507    0.2234       146
           6     0.6256    0.8699    0.7278       146
           7     0.6569    0.4589    0.5403       146
           8     0.2463    0.3425    0.2865       146
           9     0.3571    0.3425    0.3497       146
          10     0.4759    0.5411    0.5064       146
          11     0.4694    0.3151    0.3770       146
          12     0.3857    0.3699    0.3776       146
          13     0.4294    0.5205    0.4706       146
          14     0.3106    0.2808    0.2950       146
          15     0.3276    0.1301    0.1863       146
          16     0.4696    0.7397    0.5745       146
          17     0.5771    0.6918    0.6293       146
          18     0.4734    0.5479    0.5079       146
          19     0.5421    0.3973    0.4585       146
          20     0.5306    0.5342    0.5324       146
          21     0.2685    0.2740    0.2712       146
          22     0.5077    0.6781    0.5806       146
          23     0.9462    0.6027    0.7364       146

    accuracy                         0.4752      3504
   macro avg     0.4860    0.4752    0.4656      3504
weighted avg     0.4860    0.4752    0.4656      3504
