[pos_4] Best epoch: 25
Best TEST Acc   : 0.4413
Best TEST MacroF1: 0.4302

=== Classification Report (best) ===
              precision    recall  f1-score   support

           0     0.4490    0.8980    0.5986       147
           1     0.6056    0.2925    0.3945       147
           2     0.2903    0.1837    0.2250       147
           3     0.3509    0.2721    0.3065       147
           4     0.6597    0.6463    0.6529       147
           5     0.5310    0.4082    0.4615       147
           6     0.3762    0.5374    0.4426       147
           7     0.5248    0.5034    0.5139       147
           8     0.4010    0.5646    0.4689       147
           9     0.5210    0.4218    0.4662       147
          10     0.2632    0.1361    0.1794       147
          11     0.6983    0.8503    0.7669       147
          12     0.6214    0.4354    0.5120       147
          13     0.2347    0.3129    0.2682       147
          14     0.3115    0.2585    0.2825       147
          15     0.2987    0.1565    0.2054       147
          16     0.5821    0.5306    0.5552       147
          17     0.3158    0.2449    0.2759       147
          18     0.2330    0.2789    0.2539       147
          19     0.4979    0.7891    0.6105       147
          20     0.5068    0.5102    0.5085       147
          21     0.2557    0.3810    0.3060       147
          22     0.6325    0.5034    0.5606       147
          23     0.5469    0.4762    0.5091       147

    accuracy                         0.4413      3528
   macro avg     0.4462    0.4413    0.4302      3528
weighted avg     0.4462    0.4413    0.4302      3528
              precision    recall  f1-score   support

           0     0.4490    0.8980    0.5986       147
           1     0.6056    0.2925    0.3945       147
           2     0.2903    0.1837    0.2250       147
           3     0.3509    0.2721    0.3065       147
           4     0.6597    0.6463    0.6529       147
           5     0.5310    0.4082    0.4615       147
           6     0.3762    0.5374    0.4426       147
           7     0.5248    0.5034    0.5139       147
           8     0.4010    0.5646    0.4689       147
           9     0.5210    0.4218    0.4662       147
          10     0.2632    0.1361    0.1794       147
          11     0.6983    0.8503    0.7669       147
          12     0.6214    0.4354    0.5120       147
          13     0.2347    0.3129    0.2682       147
          14     0.3115    0.2585    0.2825       147
          15     0.2987    0.1565    0.2054       147
          16     0.5821    0.5306    0.5552       147
          17     0.3158    0.2449    0.2759       147
          18     0.2330    0.2789    0.2539       147
          19     0.4979    0.7891    0.6105       147
          20     0.5068    0.5102    0.5085       147
          21     0.2557    0.3810    0.3060       147
          22     0.6325    0.5034    0.5606       147
          23     0.5469    0.4762    0.5091       147

    accuracy                         0.4413      3528
   macro avg     0.4462    0.4413    0.4302      3528
weighted avg     0.4462    0.4413    0.4302      3528
