[pos_3] Best epoch: 88
Best TEST Acc   : 0.4857
Best TEST MacroF1: 0.4743

=== Classification Report (best) ===
              precision    recall  f1-score   support

           0     0.7000    0.4315    0.5339       146
           1     0.7239    0.6644    0.6929       146
           2     0.5172    0.7192    0.6017       146
           3     0.6765    0.6301    0.6525       146
           4     0.5578    0.5616    0.5597       146
           5     0.5252    0.5000    0.5123       146
           6     0.4698    0.4795    0.4746       146
           7     0.3719    0.3082    0.3371       146
           8     0.3093    0.4110    0.3529       146
           9     0.4372    0.5479    0.4863       146
          10     0.3750    0.3493    0.3617       146
          11     0.3710    0.4726    0.4157       146
          12     0.5000    0.3562    0.4160       146
          13     0.6875    0.5274    0.5969       146
          14     0.2333    0.0959    0.1359       146
          15     0.4016    0.6849    0.5063       146
          16     0.4949    0.6712    0.5698       146
          17     0.5632    0.3356    0.4206       146
          18     0.5075    0.6986    0.5879       146
          19     0.4143    0.1986    0.2685       146
          20     0.3053    0.1986    0.2407       146
          21     0.5431    0.4315    0.4809       146
          22     0.4414    0.8767    0.5872       146
          23     0.7115    0.5068    0.5920       146

    accuracy                         0.4857      3504
   macro avg     0.4933    0.4857    0.4743      3504
weighted avg     0.4933    0.4857    0.4743      3504
