[pos_2] Best epoch: 30
Best TEST Acc   : 0.5000
Best TEST MacroF1: 0.4909

=== Classification Report (best) ===
              precision    recall  f1-score   support

           0     0.6607    0.7603    0.7070       146
           1     0.6590    0.7808    0.7147       146
           2     0.6591    0.7945    0.7205       146
           3     0.5649    0.5068    0.5343       146
           4     0.5963    0.4452    0.5098       146
           5     0.5291    0.8082    0.6396       146
           6     0.6524    0.8356    0.7327       146
           7     0.5417    0.1781    0.2680       146
           8     0.4643    0.4452    0.4545       146
           9     0.6000    0.4110    0.4878       146
          10     0.6479    0.6301    0.6389       146
          11     0.5217    0.3288    0.4034       146
          12     0.5608    0.5685    0.5646       146
          13     0.3895    0.5068    0.4405       146
          14     0.4323    0.4589    0.4452       146
          15     0.3548    0.4521    0.3976       146
          16     0.6400    0.4384    0.5203       146
          17     0.5455    0.6575    0.5963       146
          18     0.5064    0.5411    0.5232       146
          19     0.1224    0.0822    0.0984       146
          20     0.1838    0.2945    0.2263       146
          21     0.1111    0.0959    0.1029       146
          22     0.3761    0.3014    0.3346       146
          23     0.7674    0.6781    0.7200       146

    accuracy                         0.5000      3504
   macro avg     0.5036    0.5000    0.4909      3504
weighted avg     0.5036    0.5000    0.4909      3504
              precision    recall  f1-score   support

           0     0.6607    0.7603    0.7070       146
           1     0.6590    0.7808    0.7147       146
           2     0.6591    0.7945    0.7205       146
           3     0.5649    0.5068    0.5343       146
           4     0.5963    0.4452    0.5098       146
           5     0.5291    0.8082    0.6396       146
           6     0.6524    0.8356    0.7327       146
           7     0.5417    0.1781    0.2680       146
           8     0.4643    0.4452    0.4545       146
           9     0.6000    0.4110    0.4878       146
          10     0.6479    0.6301    0.6389       146
          11     0.5217    0.3288    0.4034       146
          12     0.5608    0.5685    0.5646       146
          13     0.3895    0.5068    0.4405       146
          14     0.4323    0.4589    0.4452       146
          15     0.3548    0.4521    0.3976       146
          16     0.6400    0.4384    0.5203       146
          17     0.5455    0.6575    0.5963       146
          18     0.5064    0.5411    0.5232       146
          19     0.1224    0.0822    0.0984       146
          20     0.1838    0.2945    0.2263       146
          21     0.1111    0.0959    0.1029       146
          22     0.3761    0.3014    0.3346       146
          23     0.7674    0.6781    0.7200       146

    accuracy                         0.5000      3504
   macro avg     0.5036    0.5000    0.4909      3504
weighted avg     0.5036    0.5000    0.4909      3504
