[pos_4] Best epoch: 45
Best TEST Acc   : 0.4742
Best TEST MacroF1: 0.4600

=== Classification Report (best) ===
              precision    recall  f1-score   support

           0     0.5100    0.8639    0.6414       147
           1     0.5310    0.4082    0.4615       147
           2     0.2100    0.1429    0.1700       147
           3     0.5865    0.5306    0.5571       147
           4     0.7982    0.6190    0.6973       147
           5     0.5634    0.5442    0.5536       147
           6     0.4479    0.5850    0.5074       147
           7     0.5942    0.5578    0.5754       147
           8     0.5000    0.6190    0.5532       147
           9     0.5385    0.4286    0.4773       147
          10     0.3316    0.4286    0.3739       147
          11     0.6190    0.8844    0.7283       147
          12     0.6909    0.5170    0.5914       147
          13     0.2097    0.1769    0.1919       147
          14     0.3776    0.2517    0.3020       147
          15     0.3333    0.1429    0.2000       147
          16     0.4854    0.5646    0.5220       147
          17     0.2727    0.2449    0.2581       147
          18     0.1988    0.2245    0.2109       147
          19     0.5636    0.6327    0.5962       147
          20     0.4098    0.5102    0.4545       147
          21     0.2561    0.1429    0.1834       147
          22     0.6331    0.5986    0.6154       147
          23     0.5209    0.7619    0.6188       147

    accuracy                         0.4742      3528
   macro avg     0.4659    0.4742    0.4600      3528
weighted avg     0.4659    0.4742    0.4600      3528
              precision    recall  f1-score   support

           0     0.5100    0.8639    0.6414       147
           1     0.5310    0.4082    0.4615       147
           2     0.2100    0.1429    0.1700       147
           3     0.5865    0.5306    0.5571       147
           4     0.7982    0.6190    0.6973       147
           5     0.5634    0.5442    0.5536       147
           6     0.4479    0.5850    0.5074       147
           7     0.5942    0.5578    0.5754       147
           8     0.5000    0.6190    0.5532       147
           9     0.5385    0.4286    0.4773       147
          10     0.3316    0.4286    0.3739       147
          11     0.6190    0.8844    0.7283       147
          12     0.6909    0.5170    0.5914       147
          13     0.2097    0.1769    0.1919       147
          14     0.3776    0.2517    0.3020       147
          15     0.3333    0.1429    0.2000       147
          16     0.4854    0.5646    0.5220       147
          17     0.2727    0.2449    0.2581       147
          18     0.1988    0.2245    0.2109       147
          19     0.5636    0.6327    0.5962       147
          20     0.4098    0.5102    0.4545       147
          21     0.2561    0.1429    0.1834       147
          22     0.6331    0.5986    0.6154       147
          23     0.5209    0.7619    0.6188       147

    accuracy                         0.4742      3528
   macro avg     0.4659    0.4742    0.4600      3528
weighted avg     0.4659    0.4742    0.4600      3528
