[pos_4] Best epoch: 13
Best TEST Acc   : 0.4362
Best TEST MacroF1: 0.4175

=== Classification Report (best) ===
              precision    recall  f1-score   support

           0     0.5043    0.7959    0.6174       147
           1     0.6585    0.3673    0.4716       147
           2     0.3111    0.1905    0.2363       147
           3     0.2585    0.2585    0.2585       147
           4     0.5091    0.7619    0.6104       147
           5     0.5075    0.2313    0.3178       147
           6     0.4029    0.3810    0.3916       147
           7     0.5000    0.6259    0.5559       147
           8     0.5828    0.6463    0.6129       147
           9     0.5068    0.2517    0.3364       147
          10     0.1827    0.1293    0.1514       147
          11     0.5622    0.8299    0.6703       147
          12     0.6803    0.5646    0.6171       147
          13     0.2700    0.4354    0.3333       147
          14     0.3094    0.2925    0.3007       147
          15     0.2692    0.0952    0.1407       147
          16     0.4302    0.5238    0.4724       147
          17     0.2868    0.2517    0.2681       147
          18     0.2417    0.1973    0.2172       147
          19     0.6861    0.6395    0.6620       147
          20     0.5067    0.5170    0.5118       147
          21     0.1544    0.1429    0.1484       147
          22     0.5280    0.7687    0.6260       147
          23     0.4308    0.5714    0.4912       147

    accuracy                         0.4362      3528
   macro avg     0.4283    0.4362    0.4175      3528
weighted avg     0.4283    0.4362    0.4175      3528
              precision    recall  f1-score   support

           0     0.5043    0.7959    0.6174       147
           1     0.6585    0.3673    0.4716       147
           2     0.3111    0.1905    0.2363       147
           3     0.2585    0.2585    0.2585       147
           4     0.5091    0.7619    0.6104       147
           5     0.5075    0.2313    0.3178       147
           6     0.4029    0.3810    0.3916       147
           7     0.5000    0.6259    0.5559       147
           8     0.5828    0.6463    0.6129       147
           9     0.5068    0.2517    0.3364       147
          10     0.1827    0.1293    0.1514       147
          11     0.5622    0.8299    0.6703       147
          12     0.6803    0.5646    0.6171       147
          13     0.2700    0.4354    0.3333       147
          14     0.3094    0.2925    0.3007       147
          15     0.2692    0.0952    0.1407       147
          16     0.4302    0.5238    0.4724       147
          17     0.2868    0.2517    0.2681       147
          18     0.2417    0.1973    0.2172       147
          19     0.6861    0.6395    0.6620       147
          20     0.5067    0.5170    0.5118       147
          21     0.1544    0.1429    0.1484       147
          22     0.5280    0.7687    0.6260       147
          23     0.4308    0.5714    0.4912       147

    accuracy                         0.4362      3528
   macro avg     0.4283    0.4362    0.4175      3528
weighted avg     0.4283    0.4362    0.4175      3528
