[pos_4] Best epoch: 78
Best TEST Acc   : 0.4388
Best TEST MacroF1: 0.4272

=== Classification Report (best) ===
              precision    recall  f1-score   support

           0     0.4330    0.7687    0.5539       147
           1     0.6870    0.5374    0.6031       147
           2     0.5102    0.1701    0.2551       147
           3     0.6463    0.6463    0.6463       147
           4     0.7477    0.5442    0.6299       147
           5     0.4973    0.6190    0.5515       147
           6     0.2933    0.1497    0.1982       147
           7     0.2448    0.4014    0.3041       147
           8     0.4718    0.4558    0.4637       147
           9     0.4328    0.3946    0.4128       147
          10     0.3585    0.6463    0.4612       147
          11     0.4196    0.4082    0.4138       147
          12     0.4894    0.6259    0.5493       147
          13     0.4483    0.1769    0.2537       147
          14     0.4054    0.2041    0.2715       147
          15     0.4220    0.4966    0.4562       147
          16     0.4679    0.3469    0.3984       147
          17     0.4527    0.4558    0.4542       147
          18     0.3488    0.4082    0.3762       147
          19     0.2917    0.2857    0.2887       147
          20     0.3362    0.2653    0.2966       147
          21     0.3905    0.2789    0.3254       147
          22     0.4524    0.6463    0.5322       147
          23     0.5207    0.5986    0.5570       147

    accuracy                         0.4388      3528
   macro avg     0.4487    0.4388    0.4272      3528
weighted avg     0.4487    0.4388    0.4272      3528
