[pos_4] Best epoch: 31
Best TEST Acc   : 0.4824
Best TEST MacroF1: 0.4612

=== Classification Report (best) ===
              precision    recall  f1-score   support

           0     0.5462    0.9252    0.6869       147
           1     0.7627    0.3061    0.4369       147
           2     0.3579    0.2313    0.2810       147
           3     0.4062    0.5306    0.4602       147
           4     0.5725    0.5374    0.5544       147
           5     0.6127    0.5918    0.6021       147
           6     0.5189    0.7483    0.6128       147
           7     0.4857    0.2313    0.3134       147
           8     0.5104    0.6667    0.5782       147
           9     0.5288    0.6871    0.5976       147
          10     0.4538    0.4014    0.4260       147
          11     0.6324    0.7959    0.7048       147
          12     0.6290    0.5306    0.5756       147
          13     0.1212    0.0816    0.0976       147
          14     0.4315    0.4286    0.4300       147
          15     0.3182    0.0952    0.1466       147
          16     0.4627    0.6327    0.5345       147
          17     0.3092    0.3197    0.3144       147
          18     0.2083    0.2041    0.2062       147
          19     0.5149    0.7075    0.5960       147
          20     0.4720    0.5170    0.4935       147
          21     0.2688    0.1701    0.2083       147
          22     0.5959    0.5918    0.5939       147
          23     0.5901    0.6463    0.6169       147

    accuracy                         0.4824      3528
   macro avg     0.4713    0.4824    0.4612      3528
weighted avg     0.4713    0.4824    0.4612      3528
              precision    recall  f1-score   support

           0     0.5462    0.9252    0.6869       147
           1     0.7627    0.3061    0.4369       147
           2     0.3579    0.2313    0.2810       147
           3     0.4062    0.5306    0.4602       147
           4     0.5725    0.5374    0.5544       147
           5     0.6127    0.5918    0.6021       147
           6     0.5189    0.7483    0.6128       147
           7     0.4857    0.2313    0.3134       147
           8     0.5104    0.6667    0.5782       147
           9     0.5288    0.6871    0.5976       147
          10     0.4538    0.4014    0.4260       147
          11     0.6324    0.7959    0.7048       147
          12     0.6290    0.5306    0.5756       147
          13     0.1212    0.0816    0.0976       147
          14     0.4315    0.4286    0.4300       147
          15     0.3182    0.0952    0.1466       147
          16     0.4627    0.6327    0.5345       147
          17     0.3092    0.3197    0.3144       147
          18     0.2083    0.2041    0.2062       147
          19     0.5149    0.7075    0.5960       147
          20     0.4720    0.5170    0.4935       147
          21     0.2688    0.1701    0.2083       147
          22     0.5959    0.5918    0.5939       147
          23     0.5901    0.6463    0.6169       147

    accuracy                         0.4824      3528
   macro avg     0.4713    0.4824    0.4612      3528
weighted avg     0.4713    0.4824    0.4612      3528
