[pos_3] Best epoch: 28
Best TEST Acc   : 0.4786
Best TEST MacroF1: 0.4623

=== Classification Report (best) ===
              precision    recall  f1-score   support

           0     0.5922    0.4178    0.4900       146
           1     0.6532    0.7740    0.7085       146
           2     0.4709    0.7192    0.5691       146
           3     0.3780    0.2123    0.2719       146
           4     0.4934    0.5137    0.5034       146
           5     0.4022    0.2534    0.3109       146
           6     0.5560    0.8836    0.6825       146
           7     0.5822    0.5822    0.5822       146
           8     0.2039    0.2877    0.2386       146
           9     0.3819    0.3767    0.3793       146
          10     0.3732    0.3630    0.3681       146
          11     0.5495    0.3425    0.4219       146
          12     0.4341    0.3836    0.4073       146
          13     0.4066    0.5068    0.4512       146
          14     0.3017    0.2397    0.2672       146
          15     0.2468    0.1301    0.1704       146
          16     0.5132    0.6644    0.5791       146
          17     0.5633    0.6096    0.5855       146
          18     0.4598    0.7055    0.5568       146
          19     0.7222    0.3562    0.4771       146
          20     0.5847    0.4726    0.5227       146
          21     0.2879    0.1301    0.1792       146
          22     0.4599    0.7466    0.5692       146
          23     0.7933    0.8151    0.8041       146

    accuracy                         0.4786      3504
   macro avg     0.4754    0.4786    0.4623      3504
weighted avg     0.4754    0.4786    0.4623      3504
              precision    recall  f1-score   support

           0     0.5922    0.4178    0.4900       146
           1     0.6532    0.7740    0.7085       146
           2     0.4709    0.7192    0.5691       146
           3     0.3780    0.2123    0.2719       146
           4     0.4934    0.5137    0.5034       146
           5     0.4022    0.2534    0.3109       146
           6     0.5560    0.8836    0.6825       146
           7     0.5822    0.5822    0.5822       146
           8     0.2039    0.2877    0.2386       146
           9     0.3819    0.3767    0.3793       146
          10     0.3732    0.3630    0.3681       146
          11     0.5495    0.3425    0.4219       146
          12     0.4341    0.3836    0.4073       146
          13     0.4066    0.5068    0.4512       146
          14     0.3017    0.2397    0.2672       146
          15     0.2468    0.1301    0.1704       146
          16     0.5132    0.6644    0.5791       146
          17     0.5633    0.6096    0.5855       146
          18     0.4598    0.7055    0.5568       146
          19     0.7222    0.3562    0.4771       146
          20     0.5847    0.4726    0.5227       146
          21     0.2879    0.1301    0.1792       146
          22     0.4599    0.7466    0.5692       146
          23     0.7933    0.8151    0.8041       146

    accuracy                         0.4786      3504
   macro avg     0.4754    0.4786    0.4623      3504
weighted avg     0.4754    0.4786    0.4623      3504
