[pos_1] Best epoch: 20
Best TEST Acc   : 0.5579
Best TEST MacroF1: 0.5395

=== Classification Report (best) ===
              precision    recall  f1-score   support

           0     0.6340    0.6644    0.6488       146
           1     0.5874    0.8288    0.6875       146
           2     0.8291    0.6644    0.7376       146
           3     0.6047    0.5342    0.5673       146
           4     0.6429    0.6781    0.6600       146
           5     0.7337    1.0000    0.8464       146
           6     0.6909    0.7808    0.7331       146
           7     0.4521    0.2260    0.3014       146
           8     0.3333    0.3973    0.3625       146
           9     0.5984    0.5205    0.5568       146
          10     0.7850    0.5753    0.6640       146
          11     0.7429    0.7123    0.7273       146
          12     0.5758    0.7808    0.6628       146
          13     0.3226    0.0685    0.1130       146
          14     0.6090    0.5548    0.5806       146
          15     0.5107    0.8151    0.6280       146
          16     0.4246    0.8288    0.5615       146
          17     0.4886    0.2945    0.3675       146
          18     0.6102    0.2466    0.3512       146
          19     0.3460    0.5000    0.4090       146
          20     0.7308    0.2603    0.3838       146
          21     0.7500    0.2671    0.3939       146
          22     0.5685    0.5685    0.5685       146
          23     0.3346    0.6233    0.4354       146

    accuracy                         0.5579      3504
   macro avg     0.5794    0.5579    0.5395      3504
weighted avg     0.5794    0.5579    0.5395      3504
              precision    recall  f1-score   support

           0     0.6340    0.6644    0.6488       146
           1     0.5874    0.8288    0.6875       146
           2     0.8291    0.6644    0.7376       146
           3     0.6047    0.5342    0.5673       146
           4     0.6429    0.6781    0.6600       146
           5     0.7337    1.0000    0.8464       146
           6     0.6909    0.7808    0.7331       146
           7     0.4521    0.2260    0.3014       146
           8     0.3333    0.3973    0.3625       146
           9     0.5984    0.5205    0.5568       146
          10     0.7850    0.5753    0.6640       146
          11     0.7429    0.7123    0.7273       146
          12     0.5758    0.7808    0.6628       146
          13     0.3226    0.0685    0.1130       146
          14     0.6090    0.5548    0.5806       146
          15     0.5107    0.8151    0.6280       146
          16     0.4246    0.8288    0.5615       146
          17     0.4886    0.2945    0.3675       146
          18     0.6102    0.2466    0.3512       146
          19     0.3460    0.5000    0.4090       146
          20     0.7308    0.2603    0.3838       146
          21     0.7500    0.2671    0.3939       146
          22     0.5685    0.5685    0.5685       146
          23     0.3346    0.6233    0.4354       146

    accuracy                         0.5579      3504
   macro avg     0.5794    0.5579    0.5395      3504
weighted avg     0.5794    0.5579    0.5395      3504
