[pos_4] Best epoch: 63
Best TEST Acc   : 0.4694
Best TEST MacroF1: 0.4509

=== Classification Report (best) ===
              precision    recall  f1-score   support

           0     0.5042    0.8163    0.6234       147
           1     0.5294    0.2449    0.3349       147
           2     0.2808    0.2789    0.2799       147
           3     0.5862    0.5782    0.5822       147
           4     0.6992    0.5850    0.6370       147
           5     0.5763    0.2313    0.3301       147
           6     0.3571    0.5442    0.4313       147
           7     0.5000    0.5578    0.5273       147
           8     0.5078    0.6667    0.5765       147
           9     0.5347    0.3673    0.4355       147
          10     0.3171    0.3537    0.3344       147
          11     0.6422    0.9524    0.7671       147
          12     0.4742    0.6259    0.5396       147
          13     0.2477    0.1837    0.2109       147
          14     0.3523    0.2109    0.2638       147
          15     0.4471    0.2585    0.3276       147
          16     0.4755    0.6599    0.5527       147
          17     0.2937    0.2857    0.2897       147
          18     0.2963    0.1633    0.2105       147
          19     0.6776    0.7007    0.6890       147
          20     0.4873    0.5238    0.5049       147
          21     0.3039    0.2109    0.2490       147
          22     0.5376    0.6327    0.5813       147
          23     0.4745    0.6327    0.5423       147

    accuracy                         0.4694      3528
   macro avg     0.4626    0.4694    0.4509      3528
weighted avg     0.4626    0.4694    0.4509      3528
              precision    recall  f1-score   support

           0     0.5042    0.8163    0.6234       147
           1     0.5294    0.2449    0.3349       147
           2     0.2808    0.2789    0.2799       147
           3     0.5862    0.5782    0.5822       147
           4     0.6992    0.5850    0.6370       147
           5     0.5763    0.2313    0.3301       147
           6     0.3571    0.5442    0.4313       147
           7     0.5000    0.5578    0.5273       147
           8     0.5078    0.6667    0.5765       147
           9     0.5347    0.3673    0.4355       147
          10     0.3171    0.3537    0.3344       147
          11     0.6422    0.9524    0.7671       147
          12     0.4742    0.6259    0.5396       147
          13     0.2477    0.1837    0.2109       147
          14     0.3523    0.2109    0.2638       147
          15     0.4471    0.2585    0.3276       147
          16     0.4755    0.6599    0.5527       147
          17     0.2937    0.2857    0.2897       147
          18     0.2963    0.1633    0.2105       147
          19     0.6776    0.7007    0.6890       147
          20     0.4873    0.5238    0.5049       147
          21     0.3039    0.2109    0.2490       147
          22     0.5376    0.6327    0.5813       147
          23     0.4745    0.6327    0.5423       147

    accuracy                         0.4694      3528
   macro avg     0.4626    0.4694    0.4509      3528
weighted avg     0.4626    0.4694    0.4509      3528
