[pos_0] Best epoch: 24
Best TEST Acc   : 0.4523
Best TEST MacroF1: 0.4423

=== Classification Report (best) ===
              precision    recall  f1-score   support

           0     0.7236    0.6096    0.6617       146
           1     0.5124    0.7055    0.5937       146
           2     0.5140    0.3767    0.4348       146
           3     0.6562    0.5753    0.6131       146
           4     0.5924    0.6370    0.6139       146
           5     0.3286    0.4795    0.3900       146
           6     0.6710    0.7123    0.6910       146
           7     0.3393    0.2603    0.2946       146
           8     0.4219    0.3699    0.3942       146
           9     0.5600    0.4795    0.5166       146
          10     0.4858    0.7055    0.5754       146
          11     0.4815    0.4452    0.4626       146
          12     0.4326    0.6370    0.5152       146
          13     0.8837    0.2603    0.4021       146
          14     0.3731    0.3425    0.3571       146
          15     0.1932    0.1164    0.1453       146
          16     0.3430    0.4041    0.3711       146
          17     0.4806    0.6781    0.5625       146
          18     0.4753    0.5274    0.5000       146
          19     0.1947    0.1507    0.1699       146
          20     0.2667    0.1644    0.2034       146
          21     0.3491    0.2534    0.2937       146
          22     0.4756    0.5342    0.5032       146
          23     0.2930    0.4315    0.3490       146

    accuracy                         0.4523      3504
   macro avg     0.4603    0.4523    0.4423      3504
weighted avg     0.4603    0.4523    0.4423      3504
