[pos_0] Best epoch: 61
Best TEST Acc   : 0.4307
Best TEST MacroF1: 0.4244

=== Classification Report (best) ===
              precision    recall  f1-score   support

           0     0.5132    0.6644    0.5791       146
           1     0.3817    0.3425    0.3610       146
           2     0.4870    0.3836    0.4291       146
           3     0.5000    0.3767    0.4297       146
           4     0.5396    0.7466    0.6264       146
           5     0.7554    0.7192    0.7368       146
           6     0.3200    0.2192    0.2602       146
           7     0.3810    0.4384    0.4076       146
           8     0.3046    0.3630    0.3312       146
           9     0.2743    0.3288    0.2991       146
          10     0.4167    0.3425    0.3759       146
          11     0.6761    0.6575    0.6667       146
          12     0.5940    0.5411    0.5663       146
          13     0.1729    0.2534    0.2056       146
          14     0.5729    0.3767    0.4545       146
          15     0.3000    0.1644    0.2124       146
          16     0.5597    0.6096    0.5836       146
          17     0.4365    0.5890    0.5015       146
          18     0.5116    0.4521    0.4800       146
          19     0.2525    0.3425    0.2907       146
          20     0.3121    0.3014    0.3066       146
          21     0.4914    0.3904    0.4351       146
          22     0.1389    0.0685    0.0917       146
          23     0.4755    0.6644    0.5543       146

    accuracy                         0.4307      3504
   macro avg     0.4320    0.4307    0.4244      3504
weighted avg     0.4320    0.4307    0.4244      3504
              precision    recall  f1-score   support

           0     0.5132    0.6644    0.5791       146
           1     0.3817    0.3425    0.3610       146
           2     0.4870    0.3836    0.4291       146
           3     0.5000    0.3767    0.4297       146
           4     0.5396    0.7466    0.6264       146
           5     0.7554    0.7192    0.7368       146
           6     0.3200    0.2192    0.2602       146
           7     0.3810    0.4384    0.4076       146
           8     0.3046    0.3630    0.3312       146
           9     0.2743    0.3288    0.2991       146
          10     0.4167    0.3425    0.3759       146
          11     0.6761    0.6575    0.6667       146
          12     0.5940    0.5411    0.5663       146
          13     0.1729    0.2534    0.2056       146
          14     0.5729    0.3767    0.4545       146
          15     0.3000    0.1644    0.2124       146
          16     0.5597    0.6096    0.5836       146
          17     0.4365    0.5890    0.5015       146
          18     0.5116    0.4521    0.4800       146
          19     0.2525    0.3425    0.2907       146
          20     0.3121    0.3014    0.3066       146
          21     0.4914    0.3904    0.4351       146
          22     0.1389    0.0685    0.0917       146
          23     0.4755    0.6644    0.5543       146

    accuracy                         0.4307      3504
   macro avg     0.4320    0.4307    0.4244      3504
weighted avg     0.4320    0.4307    0.4244      3504
