[pos_2] Best epoch: 35
Best TEST Acc   : 0.5611
Best TEST MacroF1: 0.5542

=== Classification Report (best) ===
              precision    recall  f1-score   support

           0     0.7301    0.8151    0.7702       146
           1     0.8205    0.6575    0.7300       146
           2     0.7297    0.7397    0.7347       146
           3     0.5034    0.5068    0.5051       146
           4     0.5639    0.5137    0.5376       146
           5     0.6995    0.8767    0.7781       146
           6     0.7438    0.8151    0.7778       146
           7     0.6643    0.6370    0.6503       146
           8     0.3557    0.3630    0.3593       146
           9     0.5000    0.5137    0.5068       146
          10     0.6374    0.7466    0.6877       146
          11     0.7097    0.7534    0.7309       146
          12     0.8649    0.6575    0.7471       146
          13     0.4942    0.5822    0.5346       146
          14     0.4848    0.4384    0.4604       146
          15     0.4581    0.4863    0.4718       146
          16     0.7361    0.3630    0.4862       146
          17     0.6257    0.7329    0.6751       146
          18     0.6023    0.7260    0.6584       146
          19     0.2816    0.1986    0.2329       146
          20     0.2412    0.3288    0.2783       146
          21     0.0680    0.0685    0.0683       146
          22     0.2800    0.1438    0.1900       146
          23     0.6686    0.8014    0.7290       146

    accuracy                         0.5611      3504
   macro avg     0.5610    0.5611    0.5542      3504
weighted avg     0.5610    0.5611    0.5542      3504
              precision    recall  f1-score   support

           0     0.7301    0.8151    0.7702       146
           1     0.8205    0.6575    0.7300       146
           2     0.7297    0.7397    0.7347       146
           3     0.5034    0.5068    0.5051       146
           4     0.5639    0.5137    0.5376       146
           5     0.6995    0.8767    0.7781       146
           6     0.7438    0.8151    0.7778       146
           7     0.6643    0.6370    0.6503       146
           8     0.3557    0.3630    0.3593       146
           9     0.5000    0.5137    0.5068       146
          10     0.6374    0.7466    0.6877       146
          11     0.7097    0.7534    0.7309       146
          12     0.8649    0.6575    0.7471       146
          13     0.4942    0.5822    0.5346       146
          14     0.4848    0.4384    0.4604       146
          15     0.4581    0.4863    0.4718       146
          16     0.7361    0.3630    0.4862       146
          17     0.6257    0.7329    0.6751       146
          18     0.6023    0.7260    0.6584       146
          19     0.2816    0.1986    0.2329       146
          20     0.2412    0.3288    0.2783       146
          21     0.0680    0.0685    0.0683       146
          22     0.2800    0.1438    0.1900       146
          23     0.6686    0.8014    0.7290       146

    accuracy                         0.5611      3504
   macro avg     0.5610    0.5611    0.5542      3504
weighted avg     0.5610    0.5611    0.5542      3504
