[pos_0] Best epoch: 26
Best TEST Acc   : 0.4481
Best TEST MacroF1: 0.4261

=== Classification Report (best) ===
              precision    recall  f1-score   support

           0     0.5373    0.9384    0.6833       146
           1     0.4632    0.3014    0.3651       146
           2     0.8036    0.3082    0.4455       146
           3     0.6364    0.4795    0.5469       146
           4     0.5248    0.7260    0.6092       146
           5     0.6170    0.7945    0.6946       146
           6     0.3936    0.2534    0.3083       146
           7     0.3925    0.2877    0.3320       146
           8     0.3238    0.6233    0.4262       146
           9     0.2431    0.2397    0.2414       146
          10     0.5096    0.5479    0.5281       146
          11     0.6154    0.4384    0.5120       146
          12     0.5909    0.6233    0.6067       146
          13     0.1429    0.1301    0.1362       146
          14     0.5974    0.3151    0.4126       146
          15     0.3306    0.2808    0.3037       146
          16     0.5629    0.6438    0.6006       146
          17     0.5813    0.8082    0.6762       146
          18     0.5270    0.5342    0.5306       146
          19     0.3873    0.4589    0.4201       146
          20     0.2659    0.3151    0.2884       146
          21     0.2222    0.0274    0.0488       146
          22     0.1452    0.0616    0.0865       146
          23     0.3226    0.6164    0.4235       146

    accuracy                         0.4481      3504
   macro avg     0.4473    0.4481    0.4261      3504
weighted avg     0.4473    0.4481    0.4261      3504
              precision    recall  f1-score   support

           0     0.5373    0.9384    0.6833       146
           1     0.4632    0.3014    0.3651       146
           2     0.8036    0.3082    0.4455       146
           3     0.6364    0.4795    0.5469       146
           4     0.5248    0.7260    0.6092       146
           5     0.6170    0.7945    0.6946       146
           6     0.3936    0.2534    0.3083       146
           7     0.3925    0.2877    0.3320       146
           8     0.3238    0.6233    0.4262       146
           9     0.2431    0.2397    0.2414       146
          10     0.5096    0.5479    0.5281       146
          11     0.6154    0.4384    0.5120       146
          12     0.5909    0.6233    0.6067       146
          13     0.1429    0.1301    0.1362       146
          14     0.5974    0.3151    0.4126       146
          15     0.3306    0.2808    0.3037       146
          16     0.5629    0.6438    0.6006       146
          17     0.5813    0.8082    0.6762       146
          18     0.5270    0.5342    0.5306       146
          19     0.3873    0.4589    0.4201       146
          20     0.2659    0.3151    0.2884       146
          21     0.2222    0.0274    0.0488       146
          22     0.1452    0.0616    0.0865       146
          23     0.3226    0.6164    0.4235       146

    accuracy                         0.4481      3504
   macro avg     0.4473    0.4481    0.4261      3504
weighted avg     0.4473    0.4481    0.4261      3504
