[pos_1] Best epoch: 49
Best TEST Acc   : 0.5888
Best TEST MacroF1: 0.5756

=== Classification Report (best) ===
              precision    recall  f1-score   support

           0     0.6168    0.7055    0.6581       146
           1     0.7760    0.6644    0.7159       146
           2     0.7278    0.8973    0.8037       146
           3     0.7154    0.6027    0.6543       146
           4     0.8462    0.6781    0.7529       146
           5     0.6854    1.0000    0.8134       146
           6     0.7795    0.6781    0.7253       146
           7     0.3556    0.2192    0.2712       146
           8     0.4670    0.5822    0.5183       146
           9     0.5028    0.6164    0.5538       146
          10     0.6912    0.6438    0.6667       146
          11     0.5865    0.5342    0.5591       146
          12     0.4633    0.5616    0.5077       146
          13     0.5676    0.1438    0.2295       146
          14     0.6601    0.6918    0.6756       146
          15     0.6453    0.7603    0.6981       146
          16     0.5353    0.8836    0.6667       146
          17     0.4188    0.3356    0.3726       146
          18     0.5431    0.4315    0.4809       146
          19     0.3525    0.5890    0.4410       146
          20     0.5495    0.3425    0.4219       146
          21     0.7049    0.2945    0.4155       146
          22     0.6991    0.5411    0.6100       146
          23     0.5095    0.7329    0.6011       146

    accuracy                         0.5888      3504
   macro avg     0.6000    0.5888    0.5756      3504
weighted avg     0.6000    0.5888    0.5756      3504
              precision    recall  f1-score   support

           0     0.6168    0.7055    0.6581       146
           1     0.7760    0.6644    0.7159       146
           2     0.7278    0.8973    0.8037       146
           3     0.7154    0.6027    0.6543       146
           4     0.8462    0.6781    0.7529       146
           5     0.6854    1.0000    0.8134       146
           6     0.7795    0.6781    0.7253       146
           7     0.3556    0.2192    0.2712       146
           8     0.4670    0.5822    0.5183       146
           9     0.5028    0.6164    0.5538       146
          10     0.6912    0.6438    0.6667       146
          11     0.5865    0.5342    0.5591       146
          12     0.4633    0.5616    0.5077       146
          13     0.5676    0.1438    0.2295       146
          14     0.6601    0.6918    0.6756       146
          15     0.6453    0.7603    0.6981       146
          16     0.5353    0.8836    0.6667       146
          17     0.4188    0.3356    0.3726       146
          18     0.5431    0.4315    0.4809       146
          19     0.3525    0.5890    0.4410       146
          20     0.5495    0.3425    0.4219       146
          21     0.7049    0.2945    0.4155       146
          22     0.6991    0.5411    0.6100       146
          23     0.5095    0.7329    0.6011       146

    accuracy                         0.5888      3504
   macro avg     0.6000    0.5888    0.5756      3504
weighted avg     0.6000    0.5888    0.5756      3504
