[pos_1] Best epoch: 48
Best TEST Acc   : 0.5987
Best TEST MacroF1: 0.5846

=== Classification Report (best) ===
              precision    recall  f1-score   support

           0     0.5880    0.8699    0.7017       146
           1     0.7413    0.7260    0.7336       146
           2     0.7719    0.9041    0.8328       146
           3     0.6667    0.3973    0.4979       146
           4     0.8468    0.6438    0.7315       146
           5     0.8391    1.0000    0.9125       146
           6     0.8140    0.7192    0.7636       146
           7     0.4684    0.2534    0.3289       146
           8     0.5963    0.6575    0.6254       146
           9     0.4810    0.5205    0.5000       146
          10     0.7317    0.6164    0.6691       146
          11     0.6284    0.7877    0.6991       146
          12     0.5500    0.6781    0.6074       146
          13     0.3276    0.1301    0.1863       146
          14     0.6259    0.6301    0.6280       146
          15     0.5845    0.8767    0.7014       146
          16     0.5446    0.7945    0.6462       146
          17     0.4062    0.2671    0.3223       146
          18     0.4779    0.4452    0.4610       146
          19     0.3648    0.6096    0.4564       146
          20     0.4632    0.4315    0.4468       146
          21     0.5385    0.3836    0.4480       146
          22     0.5413    0.4041    0.4627       146
          23     0.7165    0.6233    0.6667       146

    accuracy                         0.5987      3504
   macro avg     0.5964    0.5987    0.5846      3504
weighted avg     0.5964    0.5987    0.5846      3504
              precision    recall  f1-score   support

           0     0.5880    0.8699    0.7017       146
           1     0.7413    0.7260    0.7336       146
           2     0.7719    0.9041    0.8328       146
           3     0.6667    0.3973    0.4979       146
           4     0.8468    0.6438    0.7315       146
           5     0.8391    1.0000    0.9125       146
           6     0.8140    0.7192    0.7636       146
           7     0.4684    0.2534    0.3289       146
           8     0.5963    0.6575    0.6254       146
           9     0.4810    0.5205    0.5000       146
          10     0.7317    0.6164    0.6691       146
          11     0.6284    0.7877    0.6991       146
          12     0.5500    0.6781    0.6074       146
          13     0.3276    0.1301    0.1863       146
          14     0.6259    0.6301    0.6280       146
          15     0.5845    0.8767    0.7014       146
          16     0.5446    0.7945    0.6462       146
          17     0.4062    0.2671    0.3223       146
          18     0.4779    0.4452    0.4610       146
          19     0.3648    0.6096    0.4564       146
          20     0.4632    0.4315    0.4468       146
          21     0.5385    0.3836    0.4480       146
          22     0.5413    0.4041    0.4627       146
          23     0.7165    0.6233    0.6667       146

    accuracy                         0.5987      3504
   macro avg     0.5964    0.5987    0.5846      3504
weighted avg     0.5964    0.5987    0.5846      3504
