[pos_0] Best epoch: 30
Best TEST Acc   : 0.4167
Best TEST MacroF1: 0.4092

=== Classification Report (best) ===
              precision    recall  f1-score   support

           0     0.4182    0.6301    0.5027       146
           1     0.2270    0.2877    0.2538       146
           2     0.2985    0.1370    0.1878       146
           3     0.6047    0.3562    0.4483       146
           4     0.4535    0.8014    0.5792       146
           5     0.8134    0.7466    0.7786       146
           6     0.3548    0.2260    0.2762       146
           7     0.5000    0.3836    0.4341       146
           8     0.2892    0.3288    0.3077       146
           9     0.2290    0.3356    0.2722       146
          10     0.3516    0.3082    0.3285       146
          11     0.5449    0.5822    0.5629       146
          12     0.5769    0.4110    0.4800       146
          13     0.1067    0.1096    0.1081       146
          14     0.4923    0.4384    0.4638       146
          15     0.4078    0.2877    0.3373       146
          16     0.5714    0.4932    0.5294       146
          17     0.4522    0.4863    0.4686       146
          18     0.6303    0.7123    0.6688       146
          19     0.3092    0.3219    0.3154       146
          20     0.3077    0.3836    0.3415       146
          21     0.4966    0.4932    0.4948       146
          22     0.2429    0.1164    0.1574       146
          23     0.4527    0.6233    0.5245       146

    accuracy                         0.4167      3504
   macro avg     0.4221    0.4167    0.4092      3504
weighted avg     0.4221    0.4167    0.4092      3504
              precision    recall  f1-score   support

           0     0.4182    0.6301    0.5027       146
           1     0.2270    0.2877    0.2538       146
           2     0.2985    0.1370    0.1878       146
           3     0.6047    0.3562    0.4483       146
           4     0.4535    0.8014    0.5792       146
           5     0.8134    0.7466    0.7786       146
           6     0.3548    0.2260    0.2762       146
           7     0.5000    0.3836    0.4341       146
           8     0.2892    0.3288    0.3077       146
           9     0.2290    0.3356    0.2722       146
          10     0.3516    0.3082    0.3285       146
          11     0.5449    0.5822    0.5629       146
          12     0.5769    0.4110    0.4800       146
          13     0.1067    0.1096    0.1081       146
          14     0.4923    0.4384    0.4638       146
          15     0.4078    0.2877    0.3373       146
          16     0.5714    0.4932    0.5294       146
          17     0.4522    0.4863    0.4686       146
          18     0.6303    0.7123    0.6688       146
          19     0.3092    0.3219    0.3154       146
          20     0.3077    0.3836    0.3415       146
          21     0.4966    0.4932    0.4948       146
          22     0.2429    0.1164    0.1574       146
          23     0.4527    0.6233    0.5245       146

    accuracy                         0.4167      3504
   macro avg     0.4221    0.4167    0.4092      3504
weighted avg     0.4221    0.4167    0.4092      3504
