[pos_4] Best epoch: 9
Best TEST Acc   : 0.4484
Best TEST MacroF1: 0.4237

=== Classification Report (best) ===
              precision    recall  f1-score   support

           0     0.5267    0.5374    0.5320       147
           1     0.5133    0.3946    0.4462       147
           2     0.3333    0.2653    0.2955       147
           3     0.4142    0.6735    0.5130       147
           4     0.6068    0.4830    0.5379       147
           5     0.6897    0.5442    0.6084       147
           6     0.4265    0.6122    0.5028       147
           7     0.4395    0.4694    0.4539       147
           8     0.5620    0.5238    0.5423       147
           9     0.5556    0.5442    0.5498       147
          10     0.3319    0.5306    0.4084       147
          11     0.5183    0.7687    0.6192       147
          12     0.5031    0.5442    0.5229       147
          13     0.1333    0.0272    0.0452       147
          14     0.2789    0.3605    0.3145       147
          15     0.3265    0.1088    0.1633       147
          16     0.4574    0.4014    0.4275       147
          17     0.3874    0.2925    0.3333       147
          18     0.4124    0.2721    0.3279       147
          19     0.4675    0.5374    0.5000       147
          20     0.6667    0.3265    0.4384       147
          21     0.0714    0.0068    0.0124       147
          22     0.3667    0.8231    0.5073       147
          23     0.4688    0.7143    0.5660       147

    accuracy                         0.4484      3528
   macro avg     0.4357    0.4484    0.4237      3528
weighted avg     0.4357    0.4484    0.4237      3528
              precision    recall  f1-score   support

           0     0.5267    0.5374    0.5320       147
           1     0.5133    0.3946    0.4462       147
           2     0.3333    0.2653    0.2955       147
           3     0.4142    0.6735    0.5130       147
           4     0.6068    0.4830    0.5379       147
           5     0.6897    0.5442    0.6084       147
           6     0.4265    0.6122    0.5028       147
           7     0.4395    0.4694    0.4539       147
           8     0.5620    0.5238    0.5423       147
           9     0.5556    0.5442    0.5498       147
          10     0.3319    0.5306    0.4084       147
          11     0.5183    0.7687    0.6192       147
          12     0.5031    0.5442    0.5229       147
          13     0.1333    0.0272    0.0452       147
          14     0.2789    0.3605    0.3145       147
          15     0.3265    0.1088    0.1633       147
          16     0.4574    0.4014    0.4275       147
          17     0.3874    0.2925    0.3333       147
          18     0.4124    0.2721    0.3279       147
          19     0.4675    0.5374    0.5000       147
          20     0.6667    0.3265    0.4384       147
          21     0.0714    0.0068    0.0124       147
          22     0.3667    0.8231    0.5073       147
          23     0.4688    0.7143    0.5660       147

    accuracy                         0.4484      3528
   macro avg     0.4357    0.4484    0.4237      3528
weighted avg     0.4357    0.4484    0.4237      3528
