[pos_1] Best epoch: 14
Best TEST Acc   : 0.5799
Best TEST MacroF1: 0.5673

=== Classification Report (best) ===
              precision    recall  f1-score   support

           0     0.7391    0.3493    0.4744       146
           1     0.6390    0.8973    0.7464       146
           2     0.6175    0.9178    0.7383       146
           3     0.6357    0.5616    0.5964       146
           4     0.8333    0.5479    0.6612       146
           5     0.8521    0.9863    0.9143       146
           6     0.8392    0.8219    0.8304       146
           7     0.4100    0.2808    0.3333       146
           8     0.4750    0.7808    0.5907       146
           9     0.5652    0.5342    0.5493       146
          10     0.6767    0.6164    0.6452       146
          11     0.6454    0.6233    0.6341       146
          12     0.5875    0.6438    0.6144       146
          13     0.4945    0.3082    0.3797       146
          14     0.7586    0.6027    0.6718       146
          15     0.4820    0.9178    0.6321       146
          16     0.4525    0.5548    0.4985       146
          17     0.5246    0.2192    0.3092       146
          18     0.4331    0.4658    0.4488       146
          19     0.4088    0.3836    0.3958       146
          20     0.5948    0.4726    0.5267       146
          21     0.5238    0.3014    0.3826       146
          22     0.5818    0.6575    0.6174       146
          23     0.3833    0.4726    0.4233       146

    accuracy                         0.5799      3504
   macro avg     0.5897    0.5799    0.5673      3504
weighted avg     0.5897    0.5799    0.5673      3504
              precision    recall  f1-score   support

           0     0.7391    0.3493    0.4744       146
           1     0.6390    0.8973    0.7464       146
           2     0.6175    0.9178    0.7383       146
           3     0.6357    0.5616    0.5964       146
           4     0.8333    0.5479    0.6612       146
           5     0.8521    0.9863    0.9143       146
           6     0.8392    0.8219    0.8304       146
           7     0.4100    0.2808    0.3333       146
           8     0.4750    0.7808    0.5907       146
           9     0.5652    0.5342    0.5493       146
          10     0.6767    0.6164    0.6452       146
          11     0.6454    0.6233    0.6341       146
          12     0.5875    0.6438    0.6144       146
          13     0.4945    0.3082    0.3797       146
          14     0.7586    0.6027    0.6718       146
          15     0.4820    0.9178    0.6321       146
          16     0.4525    0.5548    0.4985       146
          17     0.5246    0.2192    0.3092       146
          18     0.4331    0.4658    0.4488       146
          19     0.4088    0.3836    0.3958       146
          20     0.5948    0.4726    0.5267       146
          21     0.5238    0.3014    0.3826       146
          22     0.5818    0.6575    0.6174       146
          23     0.3833    0.4726    0.4233       146

    accuracy                         0.5799      3504
   macro avg     0.5897    0.5799    0.5673      3504
weighted avg     0.5897    0.5799    0.5673      3504
