[pos_2] Best epoch: 35
Best TEST Acc   : 0.5628
Best TEST MacroF1: 0.5534

=== Classification Report (best) ===
              precision    recall  f1-score   support

           0     0.8082    0.8082    0.8082       146
           1     0.7576    0.6849    0.7194       146
           2     0.7179    0.7671    0.7417       146
           3     0.5373    0.4932    0.5143       146
           4     0.5436    0.5548    0.5492       146
           5     0.6300    0.8630    0.7283       146
           6     0.7143    0.8904    0.7927       146
           7     0.6923    0.4932    0.5760       146
           8     0.3481    0.3219    0.3345       146
           9     0.4727    0.5342    0.5016       146
          10     0.6494    0.7740    0.7063       146
          11     0.6894    0.7603    0.7231       146
          12     0.8053    0.6233    0.7027       146
          13     0.5775    0.5616    0.5694       146
          14     0.4961    0.4315    0.4615       146
          15     0.4904    0.5274    0.5083       146
          16     0.7361    0.3630    0.4862       146
          17     0.6047    0.7123    0.6541       146
          18     0.5979    0.7740    0.6746       146
          19     0.2747    0.1712    0.2110       146
          20     0.2303    0.2603    0.2444       146
          21     0.0526    0.0548    0.0537       146
          22     0.3505    0.2329    0.2798       146
          23     0.6561    0.8493    0.7403       146

    accuracy                         0.5628      3504
   macro avg     0.5597    0.5628    0.5534      3504
weighted avg     0.5597    0.5628    0.5534      3504
              precision    recall  f1-score   support

           0     0.8082    0.8082    0.8082       146
           1     0.7576    0.6849    0.7194       146
           2     0.7179    0.7671    0.7417       146
           3     0.5373    0.4932    0.5143       146
           4     0.5436    0.5548    0.5492       146
           5     0.6300    0.8630    0.7283       146
           6     0.7143    0.8904    0.7927       146
           7     0.6923    0.4932    0.5760       146
           8     0.3481    0.3219    0.3345       146
           9     0.4727    0.5342    0.5016       146
          10     0.6494    0.7740    0.7063       146
          11     0.6894    0.7603    0.7231       146
          12     0.8053    0.6233    0.7027       146
          13     0.5775    0.5616    0.5694       146
          14     0.4961    0.4315    0.4615       146
          15     0.4904    0.5274    0.5083       146
          16     0.7361    0.3630    0.4862       146
          17     0.6047    0.7123    0.6541       146
          18     0.5979    0.7740    0.6746       146
          19     0.2747    0.1712    0.2110       146
          20     0.2303    0.2603    0.2444       146
          21     0.0526    0.0548    0.0537       146
          22     0.3505    0.2329    0.2798       146
          23     0.6561    0.8493    0.7403       146

    accuracy                         0.5628      3504
   macro avg     0.5597    0.5628    0.5534      3504
weighted avg     0.5597    0.5628    0.5534      3504
