[pos_0] Best epoch: 16
Best TEST Acc   : 0.4355
Best TEST MacroF1: 0.4175

=== Classification Report (best) ===
              precision    recall  f1-score   support

           0     0.4762    0.7534    0.5836       146
           1     0.3423    0.3493    0.3458       146
           2     0.8235    0.0959    0.1718       146
           3     0.7170    0.5205    0.6032       146
           4     0.4843    0.7397    0.5854       146
           5     0.6190    0.8014    0.6985       146
           6     0.3636    0.2192    0.2735       146
           7     0.4636    0.3493    0.3984       146
           8     0.1265    0.1438    0.1346       146
           9     0.2379    0.4384    0.3084       146
          10     0.4922    0.4315    0.4599       146
          11     0.6331    0.6027    0.6175       146
          12     0.6242    0.6370    0.6305       146
          13     0.1705    0.1027    0.1282       146
          14     0.5546    0.4521    0.4981       146
          15     0.3699    0.1849    0.2466       146
          16     0.4163    0.6644    0.5119       146
          17     0.6087    0.7671    0.6788       146
          18     0.4278    0.5685    0.4882       146
          19     0.3740    0.3356    0.3538       146
          20     0.2680    0.2808    0.2742       146
          21     0.4392    0.5685    0.4955       146
          22     0.2206    0.1027    0.1402       146
          23     0.4630    0.3425    0.3937       146

    accuracy                         0.4355      3504
   macro avg     0.4465    0.4355    0.4175      3504
weighted avg     0.4465    0.4355    0.4175      3504
              precision    recall  f1-score   support

           0     0.4762    0.7534    0.5836       146
           1     0.3423    0.3493    0.3458       146
           2     0.8235    0.0959    0.1718       146
           3     0.7170    0.5205    0.6032       146
           4     0.4843    0.7397    0.5854       146
           5     0.6190    0.8014    0.6985       146
           6     0.3636    0.2192    0.2735       146
           7     0.4636    0.3493    0.3984       146
           8     0.1265    0.1438    0.1346       146
           9     0.2379    0.4384    0.3084       146
          10     0.4922    0.4315    0.4599       146
          11     0.6331    0.6027    0.6175       146
          12     0.6242    0.6370    0.6305       146
          13     0.1705    0.1027    0.1282       146
          14     0.5546    0.4521    0.4981       146
          15     0.3699    0.1849    0.2466       146
          16     0.4163    0.6644    0.5119       146
          17     0.6087    0.7671    0.6788       146
          18     0.4278    0.5685    0.4882       146
          19     0.3740    0.3356    0.3538       146
          20     0.2680    0.2808    0.2742       146
          21     0.4392    0.5685    0.4955       146
          22     0.2206    0.1027    0.1402       146
          23     0.4630    0.3425    0.3937       146

    accuracy                         0.4355      3504
   macro avg     0.4465    0.4355    0.4175      3504
weighted avg     0.4465    0.4355    0.4175      3504
