[pos_4] Best epoch: 31
Best TEST Acc   : 0.4765
Best TEST MacroF1: 0.4597

=== Classification Report (best) ===
              precision    recall  f1-score   support

           0     0.5018    0.9320    0.6524       147
           1     0.5644    0.6259    0.5935       147
           2     0.3243    0.1633    0.2172       147
           3     0.4500    0.3061    0.3644       147
           4     0.5519    0.5782    0.5648       147
           5     0.6325    0.7143    0.6709       147
           6     0.6149    0.6735    0.6429       147
           7     0.6712    0.3333    0.4455       147
           8     0.5053    0.6463    0.5672       147
           9     0.5732    0.6122    0.5921       147
          10     0.3220    0.2585    0.2868       147
          11     0.7358    0.7959    0.7647       147
          12     0.6111    0.4490    0.5176       147
          13     0.1267    0.1293    0.1279       147
          14     0.4070    0.4762    0.4389       147
          15     0.3529    0.0816    0.1326       147
          16     0.4444    0.6531    0.5289       147
          17     0.3245    0.3333    0.3289       147
          18     0.3007    0.3129    0.3067       147
          19     0.6149    0.6735    0.6429       147
          20     0.4844    0.4218    0.4509       147
          21     0.2667    0.2993    0.2821       147
          22     0.4944    0.2993    0.3729       147
          23     0.4558    0.6667    0.5414       147

    accuracy                         0.4765      3528
   macro avg     0.4721    0.4765    0.4597      3528
weighted avg     0.4721    0.4765    0.4597      3528
              precision    recall  f1-score   support

           0     0.5018    0.9320    0.6524       147
           1     0.5644    0.6259    0.5935       147
           2     0.3243    0.1633    0.2172       147
           3     0.4500    0.3061    0.3644       147
           4     0.5519    0.5782    0.5648       147
           5     0.6325    0.7143    0.6709       147
           6     0.6149    0.6735    0.6429       147
           7     0.6712    0.3333    0.4455       147
           8     0.5053    0.6463    0.5672       147
           9     0.5732    0.6122    0.5921       147
          10     0.3220    0.2585    0.2868       147
          11     0.7358    0.7959    0.7647       147
          12     0.6111    0.4490    0.5176       147
          13     0.1267    0.1293    0.1279       147
          14     0.4070    0.4762    0.4389       147
          15     0.3529    0.0816    0.1326       147
          16     0.4444    0.6531    0.5289       147
          17     0.3245    0.3333    0.3289       147
          18     0.3007    0.3129    0.3067       147
          19     0.6149    0.6735    0.6429       147
          20     0.4844    0.4218    0.4509       147
          21     0.2667    0.2993    0.2821       147
          22     0.4944    0.2993    0.3729       147
          23     0.4558    0.6667    0.5414       147

    accuracy                         0.4765      3528
   macro avg     0.4721    0.4765    0.4597      3528
weighted avg     0.4721    0.4765    0.4597      3528
