[pos_4] Best epoch: 13
Best TEST Acc   : 0.4405
Best TEST MacroF1: 0.4329

=== Classification Report (best) ===
              precision    recall  f1-score   support

           0     0.5317    0.9116    0.6717       147
           1     0.6549    0.5034    0.5692       147
           2     0.4054    0.3061    0.3488       147
           3     0.3804    0.4218    0.4000       147
           4     0.5354    0.4626    0.4964       147
           5     0.6491    0.5034    0.5670       147
           6     0.5515    0.6190    0.5833       147
           7     0.4096    0.4626    0.4345       147
           8     0.4375    0.4762    0.4560       147
           9     0.5517    0.4354    0.4867       147
          10     0.1695    0.1361    0.1509       147
          11     0.5914    0.7483    0.6607       147
          12     0.6047    0.3537    0.4464       147
          13     0.2435    0.3197    0.2765       147
          14     0.3048    0.2177    0.2540       147
          15     0.2500    0.2313    0.2403       147
          16     0.3640    0.5646    0.4427       147
          17     0.3022    0.2857    0.2937       147
          18     0.4898    0.1633    0.2449       147
          19     0.6114    0.7279    0.6646       147
          20     0.4792    0.4694    0.4742       147
          21     0.2000    0.2721    0.2305       147
          22     0.5431    0.4286    0.4791       147
          23     0.4880    0.5510    0.5176       147

    accuracy                         0.4405      3528
   macro avg     0.4479    0.4405    0.4329      3528
weighted avg     0.4479    0.4405    0.4329      3528
              precision    recall  f1-score   support

           0     0.5317    0.9116    0.6717       147
           1     0.6549    0.5034    0.5692       147
           2     0.4054    0.3061    0.3488       147
           3     0.3804    0.4218    0.4000       147
           4     0.5354    0.4626    0.4964       147
           5     0.6491    0.5034    0.5670       147
           6     0.5515    0.6190    0.5833       147
           7     0.4096    0.4626    0.4345       147
           8     0.4375    0.4762    0.4560       147
           9     0.5517    0.4354    0.4867       147
          10     0.1695    0.1361    0.1509       147
          11     0.5914    0.7483    0.6607       147
          12     0.6047    0.3537    0.4464       147
          13     0.2435    0.3197    0.2765       147
          14     0.3048    0.2177    0.2540       147
          15     0.2500    0.2313    0.2403       147
          16     0.3640    0.5646    0.4427       147
          17     0.3022    0.2857    0.2937       147
          18     0.4898    0.1633    0.2449       147
          19     0.6114    0.7279    0.6646       147
          20     0.4792    0.4694    0.4742       147
          21     0.2000    0.2721    0.2305       147
          22     0.5431    0.4286    0.4791       147
          23     0.4880    0.5510    0.5176       147

    accuracy                         0.4405      3528
   macro avg     0.4479    0.4405    0.4329      3528
weighted avg     0.4479    0.4405    0.4329      3528
