[pos_2] Best epoch: 17
Best TEST Acc   : 0.5397
Best TEST MacroF1: 0.5309

=== Classification Report (best) ===
              precision    recall  f1-score   support

           0     0.5721    0.8699    0.6902       146
           1     0.8286    0.5959    0.6932       146
           2     0.8182    0.8014    0.8097       146
           3     0.5639    0.5137    0.5376       146
           4     0.5338    0.5411    0.5374       146
           5     0.7432    0.7534    0.7483       146
           6     0.6788    0.7671    0.7203       146
           7     0.4967    0.5205    0.5084       146
           8     0.5135    0.3904    0.4436       146
           9     0.4750    0.5205    0.4967       146
          10     0.5539    0.7740    0.6457       146
          11     0.7523    0.5616    0.6431       146
          12     0.6524    0.7329    0.6903       146
          13     0.4674    0.2945    0.3613       146
          14     0.5130    0.5411    0.5267       146
          15     0.4344    0.3630    0.3955       146
          16     0.6800    0.3493    0.4615       146
          17     0.5377    0.7808    0.6369       146
          18     0.5607    0.6644    0.6082       146
          19     0.2348    0.2123    0.2230       146
          20     0.2455    0.2808    0.2620       146
          21     0.0521    0.0342    0.0413       146
          22     0.3750    0.4521    0.4099       146
          23     0.6643    0.6370    0.6503       146

    accuracy                         0.5397      3504
   macro avg     0.5395    0.5397    0.5309      3504
weighted avg     0.5395    0.5397    0.5309      3504
              precision    recall  f1-score   support

           0     0.5721    0.8699    0.6902       146
           1     0.8286    0.5959    0.6932       146
           2     0.8182    0.8014    0.8097       146
           3     0.5639    0.5137    0.5376       146
           4     0.5338    0.5411    0.5374       146
           5     0.7432    0.7534    0.7483       146
           6     0.6788    0.7671    0.7203       146
           7     0.4967    0.5205    0.5084       146
           8     0.5135    0.3904    0.4436       146
           9     0.4750    0.5205    0.4967       146
          10     0.5539    0.7740    0.6457       146
          11     0.7523    0.5616    0.6431       146
          12     0.6524    0.7329    0.6903       146
          13     0.4674    0.2945    0.3613       146
          14     0.5130    0.5411    0.5267       146
          15     0.4344    0.3630    0.3955       146
          16     0.6800    0.3493    0.4615       146
          17     0.5377    0.7808    0.6369       146
          18     0.5607    0.6644    0.6082       146
          19     0.2348    0.2123    0.2230       146
          20     0.2455    0.2808    0.2620       146
          21     0.0521    0.0342    0.0413       146
          22     0.3750    0.4521    0.4099       146
          23     0.6643    0.6370    0.6503       146

    accuracy                         0.5397      3504
   macro avg     0.5395    0.5397    0.5309      3504
weighted avg     0.5395    0.5397    0.5309      3504
