[pos_2] Best epoch: 97
Best TEST Acc   : 0.4503
Best TEST MacroF1: 0.4465

=== Classification Report (best) ===
              precision    recall  f1-score   support

           0     0.6964    0.5342    0.6047       146
           1     0.4726    0.6507    0.5476       146
           2     0.5149    0.3562    0.4211       146
           3     0.4118    0.3836    0.3972       146
           4     0.4278    0.5274    0.4724       146
           5     0.5174    0.8151    0.6330       146
           6     0.7333    0.3767    0.4977       146
           7     0.4917    0.4041    0.4436       146
           8     0.3241    0.3219    0.3230       146
           9     0.4882    0.4247    0.4542       146
          10     0.4258    0.4521    0.4385       146
          11     0.3965    0.6164    0.4826       146
          12     0.7872    0.5068    0.6167       146
          13     0.4315    0.5822    0.4956       146
          14     0.3364    0.2534    0.2891       146
          15     0.2768    0.2123    0.2403       146
          16     0.5766    0.5411    0.5583       146
          17     0.4136    0.4589    0.4351       146
          18     0.3716    0.5548    0.4451       146
          19     0.3237    0.3082    0.3158       146
          20     0.3162    0.2534    0.2814       146
          21     0.3761    0.3014    0.3346       146
          22     0.3920    0.5342    0.4522       146
          23     0.6882    0.4384    0.5356       146

    accuracy                         0.4503      3504
   macro avg     0.4663    0.4503    0.4465      3504
weighted avg     0.4663    0.4503    0.4465      3504
