[pos_3] Best epoch: 55
Best TEST Acc   : 0.5160
Best TEST MacroF1: 0.5040

=== Classification Report (best) ===
              precision    recall  f1-score   support

           0     0.7850    0.5753    0.6640       146
           1     0.6171    0.7397    0.6729       146
           2     0.4971    0.5959    0.5421       146
           3     0.3404    0.2192    0.2667       146
           4     0.4540    0.5411    0.4938       146
           5     0.4375    0.2397    0.3097       146
           6     0.6010    0.8562    0.7062       146
           7     0.6190    0.3562    0.4522       146
           8     0.2640    0.3562    0.3032       146
           9     0.3910    0.4178    0.4040       146
          10     0.4743    0.8219    0.6015       146
          11     0.5000    0.4247    0.4593       146
          12     0.4190    0.3014    0.3506       146
          13     0.4286    0.3699    0.3971       146
          14     0.2348    0.1849    0.2069       146
          15     0.2973    0.2260    0.2568       146
          16     0.5860    0.7466    0.6566       146
          17     0.8120    0.7397    0.7742       146
          18     0.6173    0.8288    0.7076       146
          19     0.7848    0.4247    0.5511       146
          20     0.6087    0.4795    0.5364       146
          21     0.3214    0.3082    0.3147       146
          22     0.5103    0.8493    0.6375       146
          23     0.8906    0.7808    0.8321       146

    accuracy                         0.5160      3504
   macro avg     0.5205    0.5160    0.5040      3504
weighted avg     0.5205    0.5160    0.5040      3504
              precision    recall  f1-score   support

           0     0.7850    0.5753    0.6640       146
           1     0.6171    0.7397    0.6729       146
           2     0.4971    0.5959    0.5421       146
           3     0.3404    0.2192    0.2667       146
           4     0.4540    0.5411    0.4938       146
           5     0.4375    0.2397    0.3097       146
           6     0.6010    0.8562    0.7062       146
           7     0.6190    0.3562    0.4522       146
           8     0.2640    0.3562    0.3032       146
           9     0.3910    0.4178    0.4040       146
          10     0.4743    0.8219    0.6015       146
          11     0.5000    0.4247    0.4593       146
          12     0.4190    0.3014    0.3506       146
          13     0.4286    0.3699    0.3971       146
          14     0.2348    0.1849    0.2069       146
          15     0.2973    0.2260    0.2568       146
          16     0.5860    0.7466    0.6566       146
          17     0.8120    0.7397    0.7742       146
          18     0.6173    0.8288    0.7076       146
          19     0.7848    0.4247    0.5511       146
          20     0.6087    0.4795    0.5364       146
          21     0.3214    0.3082    0.3147       146
          22     0.5103    0.8493    0.6375       146
          23     0.8906    0.7808    0.8321       146

    accuracy                         0.5160      3504
   macro avg     0.5205    0.5160    0.5040      3504
weighted avg     0.5205    0.5160    0.5040      3504
