[pos_3] Best epoch: 28
Best TEST Acc   : 0.4683
Best TEST MacroF1: 0.4616

=== Classification Report (best) ===
              precision    recall  f1-score   support

           0     0.6170    0.3973    0.4833       146
           1     0.7143    0.4110    0.5217       146
           2     0.3909    0.5890    0.4699       146
           3     0.2645    0.2808    0.2724       146
           4     0.4322    0.5890    0.4986       146
           5     0.2468    0.1301    0.1704       146
           6     0.7315    0.7466    0.7390       146
           7     0.5894    0.6096    0.5993       146
           8     0.2738    0.4726    0.3467       146
           9     0.3688    0.3562    0.3624       146
          10     0.3317    0.4521    0.3826       146
          11     0.5000    0.3836    0.4341       146
          12     0.3680    0.3151    0.3395       146
          13     0.4423    0.4726    0.4570       146
          14     0.2424    0.1096    0.1509       146
          15     0.4141    0.2808    0.3347       146
          16     0.5341    0.6438    0.5839       146
          17     0.6906    0.6575    0.6737       146
          18     0.4563    0.6438    0.5341       146
          19     0.8387    0.3562    0.5000       146
          20     0.5690    0.4521    0.5038       146
          21     0.3617    0.3493    0.3554       146
          22     0.4578    0.7808    0.5772       146
          23     0.8162    0.7603    0.7872       146

    accuracy                         0.4683      3504
   macro avg     0.4855    0.4683    0.4616      3504
weighted avg     0.4855    0.4683    0.4616      3504
              precision    recall  f1-score   support

           0     0.6170    0.3973    0.4833       146
           1     0.7143    0.4110    0.5217       146
           2     0.3909    0.5890    0.4699       146
           3     0.2645    0.2808    0.2724       146
           4     0.4322    0.5890    0.4986       146
           5     0.2468    0.1301    0.1704       146
           6     0.7315    0.7466    0.7390       146
           7     0.5894    0.6096    0.5993       146
           8     0.2738    0.4726    0.3467       146
           9     0.3688    0.3562    0.3624       146
          10     0.3317    0.4521    0.3826       146
          11     0.5000    0.3836    0.4341       146
          12     0.3680    0.3151    0.3395       146
          13     0.4423    0.4726    0.4570       146
          14     0.2424    0.1096    0.1509       146
          15     0.4141    0.2808    0.3347       146
          16     0.5341    0.6438    0.5839       146
          17     0.6906    0.6575    0.6737       146
          18     0.4563    0.6438    0.5341       146
          19     0.8387    0.3562    0.5000       146
          20     0.5690    0.4521    0.5038       146
          21     0.3617    0.3493    0.3554       146
          22     0.4578    0.7808    0.5772       146
          23     0.8162    0.7603    0.7872       146

    accuracy                         0.4683      3504
   macro avg     0.4855    0.4683    0.4616      3504
weighted avg     0.4855    0.4683    0.4616      3504
