[pos_4] Best epoch: 69
Best TEST Acc   : 0.4269
Best TEST MacroF1: 0.4201

=== Classification Report (best) ===
              precision    recall  f1-score   support

           0     0.4976    0.7007    0.5819       147
           1     0.7259    0.6667    0.6950       147
           2     0.5507    0.2585    0.3519       147
           3     0.6101    0.6599    0.6340       147
           4     0.7113    0.4694    0.5656       147
           5     0.4694    0.6259    0.5364       147
           6     0.3028    0.2925    0.2976       147
           7     0.1751    0.2109    0.1914       147
           8     0.4691    0.5170    0.4919       147
           9     0.4167    0.2381    0.3030       147
          10     0.3436    0.7619    0.4736       147
          11     0.4379    0.4558    0.4467       147
          12     0.5496    0.4898    0.5180       147
          13     0.3960    0.2721    0.3226       147
          14     0.4762    0.2041    0.2857       147
          15     0.3711    0.4898    0.4223       147
          16     0.4409    0.3810    0.4088       147
          17     0.4701    0.3741    0.4167       147
          18     0.3567    0.4150    0.3836       147
          19     0.3158    0.2449    0.2759       147
          20     0.2865    0.3605    0.3193       147
          21     0.3953    0.2313    0.2918       147
          22     0.3725    0.5170    0.4330       147
          23     0.4688    0.4082    0.4364       147

    accuracy                         0.4269      3528
   macro avg     0.4421    0.4269    0.4201      3528
weighted avg     0.4421    0.4269    0.4201      3528
