[pos_1] Best epoch: 61
Best TEST Acc   : 0.5973
Best TEST MacroF1: 0.5850

=== Classification Report (best) ===
              precision    recall  f1-score   support

           0     0.6436    0.8904    0.7471       146
           1     0.8158    0.6370    0.7154       146
           2     0.8075    0.8904    0.8469       146
           3     0.6912    0.6438    0.6667       146
           4     0.7797    0.6301    0.6970       146
           5     0.8324    0.9863    0.9028       146
           6     0.7438    0.6164    0.6742       146
           7     0.4762    0.4795    0.4778       146
           8     0.5988    0.6644    0.6299       146
           9     0.5682    0.5137    0.5396       146
          10     0.7230    0.7329    0.7279       146
          11     0.5946    0.7534    0.6647       146
          12     0.5472    0.5959    0.5705       146
          13     0.5833    0.1438    0.2308       146
          14     0.6735    0.6781    0.6758       146
          15     0.6117    0.7877    0.6886       146
          16     0.5022    0.7808    0.6113       146
          17     0.4945    0.3082    0.3797       146
          18     0.4868    0.2534    0.3333       146
          19     0.2710    0.4863    0.3480       146
          20     0.6125    0.3356    0.4336       146
          21     0.4762    0.2740    0.3478       146
          22     0.6230    0.5205    0.5672       146
          23     0.4592    0.7329    0.5646       146

    accuracy                         0.5973      3504
   macro avg     0.6090    0.5973    0.5850      3504
weighted avg     0.6090    0.5973    0.5850      3504
              precision    recall  f1-score   support

           0     0.6436    0.8904    0.7471       146
           1     0.8158    0.6370    0.7154       146
           2     0.8075    0.8904    0.8469       146
           3     0.6912    0.6438    0.6667       146
           4     0.7797    0.6301    0.6970       146
           5     0.8324    0.9863    0.9028       146
           6     0.7438    0.6164    0.6742       146
           7     0.4762    0.4795    0.4778       146
           8     0.5988    0.6644    0.6299       146
           9     0.5682    0.5137    0.5396       146
          10     0.7230    0.7329    0.7279       146
          11     0.5946    0.7534    0.6647       146
          12     0.5472    0.5959    0.5705       146
          13     0.5833    0.1438    0.2308       146
          14     0.6735    0.6781    0.6758       146
          15     0.6117    0.7877    0.6886       146
          16     0.5022    0.7808    0.6113       146
          17     0.4945    0.3082    0.3797       146
          18     0.4868    0.2534    0.3333       146
          19     0.2710    0.4863    0.3480       146
          20     0.6125    0.3356    0.4336       146
          21     0.4762    0.2740    0.3478       146
          22     0.6230    0.5205    0.5672       146
          23     0.4592    0.7329    0.5646       146

    accuracy                         0.5973      3504
   macro avg     0.6090    0.5973    0.5850      3504
weighted avg     0.6090    0.5973    0.5850      3504
