[pos_1] Best epoch: 89
Best TEST Acc   : 0.4854
Best TEST MacroF1: 0.4807

=== Classification Report (best) ===
              precision    recall  f1-score   support

           0     0.7103    0.7055    0.7079       146
           1     0.5878    0.5959    0.5918       146
           2     0.5818    0.6575    0.6174       146
           3     0.6418    0.5890    0.6143       146
           4     0.4641    0.6644    0.5465       146
           5     0.4375    0.3836    0.4088       146
           6     0.5888    0.4315    0.4980       146
           7     0.4902    0.3425    0.4032       146
           8     0.3313    0.3699    0.3495       146
           9     0.4197    0.5548    0.4779       146
          10     0.4615    0.5753    0.5122       146
          11     0.5321    0.5685    0.5497       146
          12     0.4286    0.3493    0.3849       146
          13     0.3172    0.3151    0.3162       146
          14     0.4524    0.3904    0.4191       146
          15     0.4812    0.4384    0.4588       146
          16     0.6200    0.6370    0.6284       146
          17     0.3934    0.6575    0.4923       146
          18     0.6102    0.4932    0.5455       146
          19     0.3636    0.4932    0.4186       146
          20     0.3708    0.2260    0.2809       146
          21     0.5000    0.2055    0.2913       146
          22     0.6636    0.5000    0.5703       146
          23     0.4111    0.5068    0.4540       146

    accuracy                         0.4854      3504
   macro avg     0.4941    0.4854    0.4807      3504
weighted avg     0.4941    0.4854    0.4807      3504
