[pos_1] Best epoch: 34
Best TEST Acc   : 0.5277
Best TEST MacroF1: 0.5176

=== Classification Report (best) ===
              precision    recall  f1-score   support

           0     0.6023    0.7055    0.6498       146
           1     0.7267    0.7466    0.7365       146
           2     0.8319    0.6781    0.7472       146
           3     0.5436    0.5548    0.5492       146
           4     0.5367    0.6507    0.5882       146
           5     0.7592    0.9932    0.8605       146
           6     0.7442    0.6575    0.6982       146
           7     0.4000    0.3014    0.3438       146
           8     0.4192    0.4795    0.4473       146
           9     0.5714    0.5205    0.5448       146
          10     0.6972    0.6781    0.6875       146
          11     0.5278    0.6507    0.5828       146
          12     0.5906    0.5137    0.5495       146
          13     0.5692    0.2534    0.3507       146
          14     0.5533    0.5685    0.5608       146
          15     0.6066    0.7603    0.6748       146
          16     0.4820    0.7329    0.5815       146
          17     0.3106    0.2808    0.2950       146
          18     0.4365    0.3767    0.4044       146
          19     0.2500    0.4041    0.3089       146
          20     0.2951    0.1233    0.1739       146
          21     0.4247    0.2123    0.2831       146
          22     0.4745    0.4452    0.4594       146
          23     0.3161    0.3767    0.3438       146

    accuracy                         0.5277      3504
   macro avg     0.5279    0.5277    0.5176      3504
weighted avg     0.5279    0.5277    0.5176      3504
              precision    recall  f1-score   support

           0     0.6023    0.7055    0.6498       146
           1     0.7267    0.7466    0.7365       146
           2     0.8319    0.6781    0.7472       146
           3     0.5436    0.5548    0.5492       146
           4     0.5367    0.6507    0.5882       146
           5     0.7592    0.9932    0.8605       146
           6     0.7442    0.6575    0.6982       146
           7     0.4000    0.3014    0.3438       146
           8     0.4192    0.4795    0.4473       146
           9     0.5714    0.5205    0.5448       146
          10     0.6972    0.6781    0.6875       146
          11     0.5278    0.6507    0.5828       146
          12     0.5906    0.5137    0.5495       146
          13     0.5692    0.2534    0.3507       146
          14     0.5533    0.5685    0.5608       146
          15     0.6066    0.7603    0.6748       146
          16     0.4820    0.7329    0.5815       146
          17     0.3106    0.2808    0.2950       146
          18     0.4365    0.3767    0.4044       146
          19     0.2500    0.4041    0.3089       146
          20     0.2951    0.1233    0.1739       146
          21     0.4247    0.2123    0.2831       146
          22     0.4745    0.4452    0.4594       146
          23     0.3161    0.3767    0.3438       146

    accuracy                         0.5277      3504
   macro avg     0.5279    0.5277    0.5176      3504
weighted avg     0.5279    0.5277    0.5176      3504
