[pos_0] Best epoch: 21
Best TEST Acc   : 0.4332
Best TEST MacroF1: 0.4140

=== Classification Report (best) ===
              precision    recall  f1-score   support

           0     0.4433    0.9110    0.5964       146
           1     0.2872    0.1849    0.2250       146
           2     0.4179    0.1918    0.2629       146
           3     0.6892    0.3493    0.4636       146
           4     0.5067    0.7808    0.6146       146
           5     0.6914    0.8288    0.7539       146
           6     0.4898    0.1644    0.2462       146
           7     0.5591    0.4863    0.5201       146
           8     0.2421    0.3151    0.2738       146
           9     0.2275    0.3288    0.2689       146
          10     0.3595    0.3767    0.3679       146
          11     0.6054    0.6096    0.6075       146
          12     0.6842    0.6233    0.6523       146
          13     0.0889    0.0822    0.0854       146
          14     0.6283    0.4863    0.5483       146
          15     0.3966    0.1575    0.2255       146
          16     0.3366    0.2329    0.2753       146
          17     0.3799    0.7260    0.4988       146
          18     0.6288    0.5685    0.5971       146
          19     0.4112    0.3014    0.3478       146
          20     0.4207    0.4178    0.4192       146
          21     0.5702    0.4726    0.5169       146
          22     0.2340    0.0753    0.1140       146
          23     0.3302    0.7260    0.4540       146

    accuracy                         0.4332      3504
   macro avg     0.4429    0.4332    0.4140      3504
weighted avg     0.4429    0.4332    0.4140      3504
              precision    recall  f1-score   support

           0     0.4433    0.9110    0.5964       146
           1     0.2872    0.1849    0.2250       146
           2     0.4179    0.1918    0.2629       146
           3     0.6892    0.3493    0.4636       146
           4     0.5067    0.7808    0.6146       146
           5     0.6914    0.8288    0.7539       146
           6     0.4898    0.1644    0.2462       146
           7     0.5591    0.4863    0.5201       146
           8     0.2421    0.3151    0.2738       146
           9     0.2275    0.3288    0.2689       146
          10     0.3595    0.3767    0.3679       146
          11     0.6054    0.6096    0.6075       146
          12     0.6842    0.6233    0.6523       146
          13     0.0889    0.0822    0.0854       146
          14     0.6283    0.4863    0.5483       146
          15     0.3966    0.1575    0.2255       146
          16     0.3366    0.2329    0.2753       146
          17     0.3799    0.7260    0.4988       146
          18     0.6288    0.5685    0.5971       146
          19     0.4112    0.3014    0.3478       146
          20     0.4207    0.4178    0.4192       146
          21     0.5702    0.4726    0.5169       146
          22     0.2340    0.0753    0.1140       146
          23     0.3302    0.7260    0.4540       146

    accuracy                         0.4332      3504
   macro avg     0.4429    0.4332    0.4140      3504
weighted avg     0.4429    0.4332    0.4140      3504
