[pos_2] Best epoch: 58
Best TEST Acc   : 0.5565
Best TEST MacroF1: 0.5518

=== Classification Report (best) ===
              precision    recall  f1-score   support

           0     0.7697    0.8014    0.7852       146
           1     0.7432    0.7534    0.7483       146
           2     0.7436    0.7945    0.7682       146
           3     0.5656    0.4726    0.5149       146
           4     0.5294    0.5548    0.5418       146
           5     0.6219    0.8562    0.7205       146
           6     0.6667    0.8219    0.7362       146
           7     0.6559    0.4178    0.5105       146
           8     0.3897    0.3630    0.3759       146
           9     0.5912    0.5548    0.5724       146
          10     0.6201    0.7603    0.6831       146
          11     0.6718    0.6027    0.6354       146
          12     0.7983    0.6507    0.7170       146
          13     0.6341    0.5342    0.5799       146
          14     0.4969    0.5411    0.5180       146
          15     0.4355    0.5548    0.4880       146
          16     0.6901    0.3356    0.4516       146
          17     0.6416    0.7603    0.6959       146
          18     0.5813    0.6370    0.6078       146
          19     0.2551    0.1712    0.2049       146
          20     0.2369    0.4658    0.3141       146
          21     0.1409    0.1438    0.1424       146
          22     0.2468    0.1301    0.1704       146
          23     0.8684    0.6781    0.7615       146

    accuracy                         0.5565      3504
   macro avg     0.5665    0.5565    0.5518      3504
weighted avg     0.5665    0.5565    0.5518      3504
              precision    recall  f1-score   support

           0     0.7697    0.8014    0.7852       146
           1     0.7432    0.7534    0.7483       146
           2     0.7436    0.7945    0.7682       146
           3     0.5656    0.4726    0.5149       146
           4     0.5294    0.5548    0.5418       146
           5     0.6219    0.8562    0.7205       146
           6     0.6667    0.8219    0.7362       146
           7     0.6559    0.4178    0.5105       146
           8     0.3897    0.3630    0.3759       146
           9     0.5912    0.5548    0.5724       146
          10     0.6201    0.7603    0.6831       146
          11     0.6718    0.6027    0.6354       146
          12     0.7983    0.6507    0.7170       146
          13     0.6341    0.5342    0.5799       146
          14     0.4969    0.5411    0.5180       146
          15     0.4355    0.5548    0.4880       146
          16     0.6901    0.3356    0.4516       146
          17     0.6416    0.7603    0.6959       146
          18     0.5813    0.6370    0.6078       146
          19     0.2551    0.1712    0.2049       146
          20     0.2369    0.4658    0.3141       146
          21     0.1409    0.1438    0.1424       146
          22     0.2468    0.1301    0.1704       146
          23     0.8684    0.6781    0.7615       146

    accuracy                         0.5565      3504
   macro avg     0.5665    0.5565    0.5518      3504
weighted avg     0.5665    0.5565    0.5518      3504
