[pos_2] Best epoch: 30
Best TEST Acc   : 0.5505
Best TEST MacroF1: 0.5418

=== Classification Report (best) ===
              precision    recall  f1-score   support

           0     0.6806    0.8904    0.7715       146
           1     0.8254    0.7123    0.7647       146
           2     0.8496    0.7740    0.8100       146
           3     0.5401    0.5068    0.5230       146
           4     0.5354    0.4658    0.4982       146
           5     0.7134    0.8014    0.7548       146
           6     0.5448    0.5000    0.5214       146
           7     0.3592    0.3493    0.3542       146
           8     0.3889    0.3356    0.3603       146
           9     0.4615    0.6575    0.5424       146
          10     0.6474    0.6918    0.6689       146
          11     0.7054    0.5411    0.6124       146
          12     0.6532    0.7740    0.7085       146
          13     0.7290    0.5342    0.6166       146
          14     0.5750    0.6301    0.6013       146
          15     0.4444    0.5753    0.5015       146
          16     0.6296    0.3493    0.4493       146
          17     0.7411    0.5685    0.6434       146
          18     0.5231    0.6986    0.5982       146
          19     0.1744    0.1027    0.1293       146
          20     0.2768    0.5479    0.3678       146
          21     0.0638    0.0205    0.0311       146
          22     0.3829    0.4589    0.4174       146
          23     0.7910    0.7260    0.7571       146

    accuracy                         0.5505      3504
   macro avg     0.5515    0.5505    0.5418      3504
weighted avg     0.5515    0.5505    0.5418      3504
              precision    recall  f1-score   support

           0     0.6806    0.8904    0.7715       146
           1     0.8254    0.7123    0.7647       146
           2     0.8496    0.7740    0.8100       146
           3     0.5401    0.5068    0.5230       146
           4     0.5354    0.4658    0.4982       146
           5     0.7134    0.8014    0.7548       146
           6     0.5448    0.5000    0.5214       146
           7     0.3592    0.3493    0.3542       146
           8     0.3889    0.3356    0.3603       146
           9     0.4615    0.6575    0.5424       146
          10     0.6474    0.6918    0.6689       146
          11     0.7054    0.5411    0.6124       146
          12     0.6532    0.7740    0.7085       146
          13     0.7290    0.5342    0.6166       146
          14     0.5750    0.6301    0.6013       146
          15     0.4444    0.5753    0.5015       146
          16     0.6296    0.3493    0.4493       146
          17     0.7411    0.5685    0.6434       146
          18     0.5231    0.6986    0.5982       146
          19     0.1744    0.1027    0.1293       146
          20     0.2768    0.5479    0.3678       146
          21     0.0638    0.0205    0.0311       146
          22     0.3829    0.4589    0.4174       146
          23     0.7910    0.7260    0.7571       146

    accuracy                         0.5505      3504
   macro avg     0.5515    0.5505    0.5418      3504
weighted avg     0.5515    0.5505    0.5418      3504
