[pos_2] Best epoch: 26
Best TEST Acc   : 0.5134
Best TEST MacroF1: 0.5036

=== Classification Report (best) ===
              precision    recall  f1-score   support

           0     0.6176    0.8630    0.7200       146
           1     0.8095    0.5822    0.6773       146
           2     0.7152    0.7397    0.7273       146
           3     0.5580    0.5274    0.5423       146
           4     0.6032    0.5205    0.5588       146
           5     0.6114    0.8082    0.6962       146
           6     0.5616    0.8425    0.6740       146
           7     0.3636    0.2466    0.2939       146
           8     0.4526    0.2945    0.3568       146
           9     0.4824    0.5616    0.5190       146
          10     0.5758    0.7808    0.6628       146
          11     0.6809    0.4384    0.5333       146
          12     0.5176    0.7055    0.5971       146
          13     0.3980    0.2671    0.3197       146
          14     0.5310    0.5274    0.5292       146
          15     0.3563    0.4247    0.3875       146
          16     0.7222    0.3562    0.4771       146
          17     0.7083    0.6986    0.7034       146
          18     0.5130    0.5411    0.5267       146
          19     0.2358    0.1986    0.2156       146
          20     0.1973    0.1986    0.1980       146
          21     0.1935    0.1644    0.1778       146
          22     0.3555    0.6233    0.4527       146
          23     0.7895    0.4110    0.5405       146

    accuracy                         0.5134      3504
   macro avg     0.5229    0.5134    0.5036      3504
weighted avg     0.5229    0.5134    0.5036      3504
              precision    recall  f1-score   support

           0     0.6176    0.8630    0.7200       146
           1     0.8095    0.5822    0.6773       146
           2     0.7152    0.7397    0.7273       146
           3     0.5580    0.5274    0.5423       146
           4     0.6032    0.5205    0.5588       146
           5     0.6114    0.8082    0.6962       146
           6     0.5616    0.8425    0.6740       146
           7     0.3636    0.2466    0.2939       146
           8     0.4526    0.2945    0.3568       146
           9     0.4824    0.5616    0.5190       146
          10     0.5758    0.7808    0.6628       146
          11     0.6809    0.4384    0.5333       146
          12     0.5176    0.7055    0.5971       146
          13     0.3980    0.2671    0.3197       146
          14     0.5310    0.5274    0.5292       146
          15     0.3563    0.4247    0.3875       146
          16     0.7222    0.3562    0.4771       146
          17     0.7083    0.6986    0.7034       146
          18     0.5130    0.5411    0.5267       146
          19     0.2358    0.1986    0.2156       146
          20     0.1973    0.1986    0.1980       146
          21     0.1935    0.1644    0.1778       146
          22     0.3555    0.6233    0.4527       146
          23     0.7895    0.4110    0.5405       146

    accuracy                         0.5134      3504
   macro avg     0.5229    0.5134    0.5036      3504
weighted avg     0.5229    0.5134    0.5036      3504
