[pos_0] Best epoch: 44
Best TEST Acc   : 0.4632
Best TEST MacroF1: 0.4551

=== Classification Report (best) ===
              precision    recall  f1-score   support

           0     0.5304    0.6575    0.5872       146
           1     0.4109    0.5685    0.4770       146
           2     0.6029    0.2808    0.3832       146
           3     0.6774    0.5753    0.6222       146
           4     0.6182    0.6986    0.6559       146
           5     0.7230    0.7329    0.7279       146
           6     0.3780    0.2123    0.2719       146
           7     0.4370    0.4041    0.4199       146
           8     0.2634    0.3699    0.3077       146
           9     0.2159    0.2603    0.2360       146
          10     0.5412    0.3151    0.3983       146
          11     0.6667    0.5068    0.5759       146
          12     0.5774    0.6644    0.6178       146
          13     0.2100    0.3151    0.2521       146
          14     0.5620    0.4658    0.5094       146
          15     0.3614    0.2055    0.2620       146
          16     0.5000    0.5000    0.5000       146
          17     0.4785    0.6096    0.5361       146
          18     0.5859    0.7945    0.6744       146
          19     0.5319    0.3425    0.4167       146
          20     0.4228    0.3562    0.3866       146
          21     0.5146    0.3630    0.4257       146
          22     0.2836    0.1301    0.1784       146
          23     0.3662    0.7877    0.5000       146

    accuracy                         0.4632      3504
   macro avg     0.4775    0.4632    0.4551      3504
weighted avg     0.4775    0.4632    0.4551      3504
              precision    recall  f1-score   support

           0     0.5304    0.6575    0.5872       146
           1     0.4109    0.5685    0.4770       146
           2     0.6029    0.2808    0.3832       146
           3     0.6774    0.5753    0.6222       146
           4     0.6182    0.6986    0.6559       146
           5     0.7230    0.7329    0.7279       146
           6     0.3780    0.2123    0.2719       146
           7     0.4370    0.4041    0.4199       146
           8     0.2634    0.3699    0.3077       146
           9     0.2159    0.2603    0.2360       146
          10     0.5412    0.3151    0.3983       146
          11     0.6667    0.5068    0.5759       146
          12     0.5774    0.6644    0.6178       146
          13     0.2100    0.3151    0.2521       146
          14     0.5620    0.4658    0.5094       146
          15     0.3614    0.2055    0.2620       146
          16     0.5000    0.5000    0.5000       146
          17     0.4785    0.6096    0.5361       146
          18     0.5859    0.7945    0.6744       146
          19     0.5319    0.3425    0.4167       146
          20     0.4228    0.3562    0.3866       146
          21     0.5146    0.3630    0.4257       146
          22     0.2836    0.1301    0.1784       146
          23     0.3662    0.7877    0.5000       146

    accuracy                         0.4632      3504
   macro avg     0.4775    0.4632    0.4551      3504
weighted avg     0.4775    0.4632    0.4551      3504
