[pos_2] Best epoch: 60
Best TEST Acc   : 0.4712
Best TEST MacroF1: 0.4573

=== Classification Report (best) ===
              precision    recall  f1-score   support

           0     0.5315    0.8082    0.6413       146
           1     0.6489    0.4178    0.5083       146
           2     0.4667    0.3836    0.4211       146
           3     0.4766    0.3493    0.4032       146
           4     0.5371    0.6438    0.5857       146
           5     0.4272    0.9247    0.5844       146
           6     0.6071    0.5822    0.5944       146
           7     0.5882    0.1370    0.2222       146
           8     0.3000    0.2055    0.2439       146
           9     0.4559    0.4247    0.4397       146
          10     0.4286    0.7397    0.5427       146
          11     0.4732    0.3630    0.4109       146
          12     0.7368    0.5753    0.6462       146
          13     0.6056    0.5890    0.5972       146
          14     0.4427    0.3973    0.4188       146
          15     0.3577    0.3014    0.3271       146
          16     0.5738    0.4795    0.5224       146
          17     0.3614    0.5000    0.4195       146
          18     0.4486    0.5685    0.5015       146
          19     0.3714    0.1781    0.2407       146
          20     0.4161    0.3904    0.4028       146
          21     0.4963    0.4589    0.4769       146
          22     0.3689    0.5205    0.4318       146
          23     0.4186    0.3699    0.3927       146

    accuracy                         0.4712      3504
   macro avg     0.4808    0.4712    0.4573      3504
weighted avg     0.4808    0.4712    0.4573      3504
