[pos_3] Best epoch: 16
Best TEST Acc   : 0.4863
Best TEST MacroF1: 0.4709

=== Classification Report (best) ===
              precision    recall  f1-score   support

           0     0.5890    0.6575    0.6214       146
           1     0.5275    0.7877    0.6319       146
           2     0.6250    0.2740    0.3810       146
           3     0.3735    0.2123    0.2707       146
           4     0.4509    0.5342    0.4890       146
           5     0.5164    0.4315    0.4701       146
           6     0.5918    0.7945    0.6784       146
           7     0.6279    0.5548    0.5891       146
           8     0.3556    0.3288    0.3416       146
           9     0.3474    0.4521    0.3929       146
          10     0.3577    0.3356    0.3463       146
          11     0.4524    0.2603    0.3304       146
          12     0.3766    0.3973    0.3867       146
          13     0.3875    0.7192    0.5036       146
          14     0.1860    0.1096    0.1379       146
          15     0.3696    0.2329    0.2857       146
          16     0.5455    0.6986    0.6126       146
          17     0.6750    0.5548    0.6090       146
          18     0.5371    0.8425    0.6560       146
          19     0.7143    0.3425    0.4630       146
          20     0.5806    0.4932    0.5333       146
          21     0.2207    0.2192    0.2199       146
          22     0.5087    0.6027    0.5517       146
          23     0.7673    0.8356    0.8000       146

    accuracy                         0.4863      3504
   macro avg     0.4868    0.4863    0.4709      3504
weighted avg     0.4868    0.4863    0.4709      3504
              precision    recall  f1-score   support

           0     0.5890    0.6575    0.6214       146
           1     0.5275    0.7877    0.6319       146
           2     0.6250    0.2740    0.3810       146
           3     0.3735    0.2123    0.2707       146
           4     0.4509    0.5342    0.4890       146
           5     0.5164    0.4315    0.4701       146
           6     0.5918    0.7945    0.6784       146
           7     0.6279    0.5548    0.5891       146
           8     0.3556    0.3288    0.3416       146
           9     0.3474    0.4521    0.3929       146
          10     0.3577    0.3356    0.3463       146
          11     0.4524    0.2603    0.3304       146
          12     0.3766    0.3973    0.3867       146
          13     0.3875    0.7192    0.5036       146
          14     0.1860    0.1096    0.1379       146
          15     0.3696    0.2329    0.2857       146
          16     0.5455    0.6986    0.6126       146
          17     0.6750    0.5548    0.6090       146
          18     0.5371    0.8425    0.6560       146
          19     0.7143    0.3425    0.4630       146
          20     0.5806    0.4932    0.5333       146
          21     0.2207    0.2192    0.2199       146
          22     0.5087    0.6027    0.5517       146
          23     0.7673    0.8356    0.8000       146

    accuracy                         0.4863      3504
   macro avg     0.4868    0.4863    0.4709      3504
weighted avg     0.4868    0.4863    0.4709      3504
