[pos_3] Best epoch: 57
Best TEST Acc   : 0.5203
Best TEST MacroF1: 0.5071

=== Classification Report (best) ===
              precision    recall  f1-score   support

           0     0.7182    0.5411    0.6172       146
           1     0.6202    0.8836    0.7288       146
           2     0.5725    0.5137    0.5415       146
           3     0.4000    0.2603    0.3154       146
           4     0.4667    0.5753    0.5153       146
           5     0.4688    0.3082    0.3719       146
           6     0.6413    0.8082    0.7152       146
           7     0.5702    0.4726    0.5169       146
           8     0.2280    0.3014    0.2596       146
           9     0.3688    0.4041    0.3856       146
          10     0.4888    0.5959    0.5370       146
          11     0.4153    0.5205    0.4620       146
          12     0.4621    0.4178    0.4388       146
          13     0.4733    0.4247    0.4477       146
          14     0.2152    0.1164    0.1511       146
          15     0.2283    0.1438    0.1765       146
          16     0.5431    0.7329    0.6239       146
          17     0.7877    0.7877    0.7877       146
          18     0.6867    0.7808    0.7308       146
          19     0.7841    0.4726    0.5897       146
          20     0.5249    0.6507    0.5810       146
          21     0.2200    0.1507    0.1789       146
          22     0.5283    0.7671    0.6257       146
          23     0.8865    0.8562    0.8711       146

    accuracy                         0.5203      3504
   macro avg     0.5125    0.5203    0.5071      3504
weighted avg     0.5125    0.5203    0.5071      3504
              precision    recall  f1-score   support

           0     0.7182    0.5411    0.6172       146
           1     0.6202    0.8836    0.7288       146
           2     0.5725    0.5137    0.5415       146
           3     0.4000    0.2603    0.3154       146
           4     0.4667    0.5753    0.5153       146
           5     0.4688    0.3082    0.3719       146
           6     0.6413    0.8082    0.7152       146
           7     0.5702    0.4726    0.5169       146
           8     0.2280    0.3014    0.2596       146
           9     0.3688    0.4041    0.3856       146
          10     0.4888    0.5959    0.5370       146
          11     0.4153    0.5205    0.4620       146
          12     0.4621    0.4178    0.4388       146
          13     0.4733    0.4247    0.4477       146
          14     0.2152    0.1164    0.1511       146
          15     0.2283    0.1438    0.1765       146
          16     0.5431    0.7329    0.6239       146
          17     0.7877    0.7877    0.7877       146
          18     0.6867    0.7808    0.7308       146
          19     0.7841    0.4726    0.5897       146
          20     0.5249    0.6507    0.5810       146
          21     0.2200    0.1507    0.1789       146
          22     0.5283    0.7671    0.6257       146
          23     0.8865    0.8562    0.8711       146

    accuracy                         0.5203      3504
   macro avg     0.5125    0.5203    0.5071      3504
weighted avg     0.5125    0.5203    0.5071      3504
