[pos_3] Best epoch: 26
Best TEST Acc   : 0.4892
Best TEST MacroF1: 0.4805

=== Classification Report (best) ===
              precision    recall  f1-score   support

           0     0.6884    0.6507    0.6690       146
           1     0.7759    0.6164    0.6870       146
           2     0.5380    0.5822    0.5592       146
           3     0.3605    0.3630    0.3618       146
           4     0.4539    0.4726    0.4631       146
           5     0.5000    0.3493    0.4113       146
           6     0.5714    0.6849    0.6231       146
           7     0.5671    0.6370    0.6000       146
           8     0.2632    0.3082    0.2839       146
           9     0.4024    0.4658    0.4317       146
          10     0.3445    0.4932    0.4056       146
          11     0.4857    0.3493    0.4064       146
          12     0.3906    0.3425    0.3650       146
          13     0.4091    0.1849    0.2547       146
          14     0.1681    0.1370    0.1509       146
          15     0.2537    0.2329    0.2429       146
          16     0.4306    0.6370    0.5138       146
          17     0.6646    0.7192    0.6908       146
          18     0.5912    0.7329    0.6544       146
          19     0.8553    0.4452    0.5856       146
          20     0.5714    0.4658    0.5132       146
          21     0.3077    0.1918    0.2363       146
          22     0.4926    0.9110    0.6394       146
          23     0.8000    0.7671    0.7832       146

    accuracy                         0.4892      3504
   macro avg     0.4952    0.4892    0.4805      3504
weighted avg     0.4952    0.4892    0.4805      3504
              precision    recall  f1-score   support

           0     0.6884    0.6507    0.6690       146
           1     0.7759    0.6164    0.6870       146
           2     0.5380    0.5822    0.5592       146
           3     0.3605    0.3630    0.3618       146
           4     0.4539    0.4726    0.4631       146
           5     0.5000    0.3493    0.4113       146
           6     0.5714    0.6849    0.6231       146
           7     0.5671    0.6370    0.6000       146
           8     0.2632    0.3082    0.2839       146
           9     0.4024    0.4658    0.4317       146
          10     0.3445    0.4932    0.4056       146
          11     0.4857    0.3493    0.4064       146
          12     0.3906    0.3425    0.3650       146
          13     0.4091    0.1849    0.2547       146
          14     0.1681    0.1370    0.1509       146
          15     0.2537    0.2329    0.2429       146
          16     0.4306    0.6370    0.5138       146
          17     0.6646    0.7192    0.6908       146
          18     0.5912    0.7329    0.6544       146
          19     0.8553    0.4452    0.5856       146
          20     0.5714    0.4658    0.5132       146
          21     0.3077    0.1918    0.2363       146
          22     0.4926    0.9110    0.6394       146
          23     0.8000    0.7671    0.7832       146

    accuracy                         0.4892      3504
   macro avg     0.4952    0.4892    0.4805      3504
weighted avg     0.4952    0.4892    0.4805      3504
