[pos_1] Best epoch: 23
Best TEST Acc   : 0.5557
Best TEST MacroF1: 0.5483

=== Classification Report (best) ===
              precision    recall  f1-score   support

           0     0.6262    0.8836    0.7330       146
           1     0.8235    0.6712    0.7396       146
           2     0.6872    0.9178    0.7859       146
           3     0.6404    0.3904    0.4851       146
           4     0.8174    0.6438    0.7203       146
           5     0.8294    0.9658    0.8924       146
           6     0.7265    0.5822    0.6464       146
           7     0.2968    0.3151    0.3056       146
           8     0.4768    0.4932    0.4848       146
           9     0.6143    0.5890    0.6014       146
          10     0.6641    0.5822    0.6204       146
          11     0.6972    0.5205    0.5961       146
          12     0.5339    0.8082    0.6431       146
          13     0.4333    0.2671    0.3305       146
          14     0.6439    0.5822    0.6115       146
          15     0.5794    0.9247    0.7124       146
          16     0.5414    0.5822    0.5611       146
          17     0.3929    0.3014    0.3411       146
          18     0.4366    0.4247    0.4306       146
          19     0.2743    0.4247    0.3333       146
          20     0.4561    0.3562    0.4000       146
          21     0.3436    0.3836    0.3625       146
          22     0.5890    0.2945    0.3927       146
          23     0.4286    0.4315    0.4300       146

    accuracy                         0.5557      3504
   macro avg     0.5647    0.5557    0.5483      3504
weighted avg     0.5647    0.5557    0.5483      3504
              precision    recall  f1-score   support

           0     0.6262    0.8836    0.7330       146
           1     0.8235    0.6712    0.7396       146
           2     0.6872    0.9178    0.7859       146
           3     0.6404    0.3904    0.4851       146
           4     0.8174    0.6438    0.7203       146
           5     0.8294    0.9658    0.8924       146
           6     0.7265    0.5822    0.6464       146
           7     0.2968    0.3151    0.3056       146
           8     0.4768    0.4932    0.4848       146
           9     0.6143    0.5890    0.6014       146
          10     0.6641    0.5822    0.6204       146
          11     0.6972    0.5205    0.5961       146
          12     0.5339    0.8082    0.6431       146
          13     0.4333    0.2671    0.3305       146
          14     0.6439    0.5822    0.6115       146
          15     0.5794    0.9247    0.7124       146
          16     0.5414    0.5822    0.5611       146
          17     0.3929    0.3014    0.3411       146
          18     0.4366    0.4247    0.4306       146
          19     0.2743    0.4247    0.3333       146
          20     0.4561    0.3562    0.4000       146
          21     0.3436    0.3836    0.3625       146
          22     0.5890    0.2945    0.3927       146
          23     0.4286    0.4315    0.4300       146

    accuracy                         0.5557      3504
   macro avg     0.5647    0.5557    0.5483      3504
weighted avg     0.5647    0.5557    0.5483      3504
