[pos_1] Best epoch: 15
Best TEST Acc   : 0.5283
Best TEST MacroF1: 0.5121

=== Classification Report (best) ===
              precision    recall  f1-score   support

           0     0.5238    0.8288    0.6419       146
           1     0.6940    0.6370    0.6643       146
           2     0.7415    0.7466    0.7440       146
           3     0.6623    0.3493    0.4574       146
           4     0.7739    0.6096    0.6820       146
           5     0.8509    0.9384    0.8925       146
           6     0.7379    0.5205    0.6104       146
           7     0.3256    0.2877    0.3055       146
           8     0.4674    0.5890    0.5212       146
           9     0.5250    0.5753    0.5490       146
          10     0.5981    0.4384    0.5059       146
          11     0.6075    0.4452    0.5138       146
          12     0.4487    0.8082    0.5770       146
          13     0.3529    0.2877    0.3170       146
          14     0.5460    0.6096    0.5761       146
          15     0.7285    0.7534    0.7407       146
          16     0.4325    0.7466    0.5477       146
          17     0.3099    0.1507    0.2028       146
          18     0.4000    0.1233    0.1885       146
          19     0.3463    0.4863    0.4046       146
          20     0.5378    0.4384    0.4830       146
          21     0.5135    0.1301    0.2077       146
          22     0.4595    0.6986    0.5543       146
          23     0.3465    0.4795    0.4023       146

    accuracy                         0.5283      3504
   macro avg     0.5388    0.5283    0.5121      3504
weighted avg     0.5388    0.5283    0.5121      3504
              precision    recall  f1-score   support

           0     0.5238    0.8288    0.6419       146
           1     0.6940    0.6370    0.6643       146
           2     0.7415    0.7466    0.7440       146
           3     0.6623    0.3493    0.4574       146
           4     0.7739    0.6096    0.6820       146
           5     0.8509    0.9384    0.8925       146
           6     0.7379    0.5205    0.6104       146
           7     0.3256    0.2877    0.3055       146
           8     0.4674    0.5890    0.5212       146
           9     0.5250    0.5753    0.5490       146
          10     0.5981    0.4384    0.5059       146
          11     0.6075    0.4452    0.5138       146
          12     0.4487    0.8082    0.5770       146
          13     0.3529    0.2877    0.3170       146
          14     0.5460    0.6096    0.5761       146
          15     0.7285    0.7534    0.7407       146
          16     0.4325    0.7466    0.5477       146
          17     0.3099    0.1507    0.2028       146
          18     0.4000    0.1233    0.1885       146
          19     0.3463    0.4863    0.4046       146
          20     0.5378    0.4384    0.4830       146
          21     0.5135    0.1301    0.2077       146
          22     0.4595    0.6986    0.5543       146
          23     0.3465    0.4795    0.4023       146

    accuracy                         0.5283      3504
   macro avg     0.5388    0.5283    0.5121      3504
weighted avg     0.5388    0.5283    0.5121      3504
