[pos_0] Best epoch: 17
Best TEST Acc   : 0.4229
Best TEST MacroF1: 0.3993

=== Classification Report (best) ===
              precision    recall  f1-score   support

           0     0.4942    0.8767    0.6321       146
           1     0.3986    0.3904    0.3945       146
           2     0.3636    0.1644    0.2264       146
           3     0.6042    0.3973    0.4793       146
           4     0.5349    0.6301    0.5786       146
           5     0.6145    0.7534    0.6769       146
           6     0.3448    0.4110    0.3750       146
           7     0.1053    0.0822    0.0923       146
           8     0.1831    0.1781    0.1806       146
           9     0.2050    0.2260    0.2150       146
          10     0.4762    0.6164    0.5373       146
          11     0.6040    0.6164    0.6102       146
          12     0.6547    0.6233    0.6386       146
          13     0.1786    0.1370    0.1550       146
          14     0.6559    0.4178    0.5105       146
          15     0.3289    0.1712    0.2252       146
          16     0.3000    0.3082    0.3041       146
          17     0.3978    0.7466    0.5190       146
          18     0.5067    0.5205    0.5135       146
          19     0.3140    0.2603    0.2846       146
          20     0.3861    0.2671    0.3158       146
          21     0.5893    0.6781    0.6306       146
          22     1.0000    0.0137    0.0270       146
          23     0.3540    0.6644    0.4619       146

    accuracy                         0.4229      3504
   macro avg     0.4414    0.4229    0.3993      3504
weighted avg     0.4414    0.4229    0.3993      3504
              precision    recall  f1-score   support

           0     0.4942    0.8767    0.6321       146
           1     0.3986    0.3904    0.3945       146
           2     0.3636    0.1644    0.2264       146
           3     0.6042    0.3973    0.4793       146
           4     0.5349    0.6301    0.5786       146
           5     0.6145    0.7534    0.6769       146
           6     0.3448    0.4110    0.3750       146
           7     0.1053    0.0822    0.0923       146
           8     0.1831    0.1781    0.1806       146
           9     0.2050    0.2260    0.2150       146
          10     0.4762    0.6164    0.5373       146
          11     0.6040    0.6164    0.6102       146
          12     0.6547    0.6233    0.6386       146
          13     0.1786    0.1370    0.1550       146
          14     0.6559    0.4178    0.5105       146
          15     0.3289    0.1712    0.2252       146
          16     0.3000    0.3082    0.3041       146
          17     0.3978    0.7466    0.5190       146
          18     0.5067    0.5205    0.5135       146
          19     0.3140    0.2603    0.2846       146
          20     0.3861    0.2671    0.3158       146
          21     0.5893    0.6781    0.6306       146
          22     1.0000    0.0137    0.0270       146
          23     0.3540    0.6644    0.4619       146

    accuracy                         0.4229      3504
   macro avg     0.4414    0.4229    0.3993      3504
weighted avg     0.4414    0.4229    0.3993      3504
