[pos_1] Best epoch: 88
Best TEST Acc   : 0.4746
Best TEST MacroF1: 0.4625

=== Classification Report (best) ===
              precision    recall  f1-score   support

           0     0.7018    0.5479    0.6154       146
           1     0.5166    0.7466    0.6106       146
           2     0.5328    0.5000    0.5159       146
           3     0.5580    0.5274    0.5423       146
           4     0.5500    0.6027    0.5752       146
           5     0.4612    0.7329    0.5661       146
           6     0.4645    0.4932    0.4784       146
           7     0.4107    0.1575    0.2277       146
           8     0.3796    0.3562    0.3675       146
           9     0.4000    0.5753    0.4719       146
          10     0.5231    0.4658    0.4928       146
          11     0.5273    0.5959    0.5595       146
          12     0.3588    0.3219    0.3394       146
          13     0.3867    0.1986    0.2624       146
          14     0.4362    0.2808    0.3417       146
          15     0.4746    0.5753    0.5201       146
          16     0.6545    0.4932    0.5625       146
          17     0.3964    0.7466    0.5178       146
          18     0.5784    0.4041    0.4758       146
          19     0.3186    0.4452    0.3714       146
          20     0.2887    0.1918    0.2305       146
          21     0.5410    0.2260    0.3188       146
          22     0.6471    0.6027    0.6241       146
          23     0.4467    0.6027    0.5131       146

    accuracy                         0.4746      3504
   macro avg     0.4814    0.4746    0.4625      3504
weighted avg     0.4814    0.4746    0.4625      3504
