[pos_0] Best epoch: 43
Best TEST Acc   : 0.4432
Best TEST MacroF1: 0.4356

=== Classification Report (best) ===
              precision    recall  f1-score   support

           0     0.4456    0.5890    0.5074       146
           1     0.3235    0.3767    0.3481       146
           2     0.5051    0.3425    0.4082       146
           3     0.6082    0.4041    0.4856       146
           4     0.5590    0.7466    0.6393       146
           5     0.7969    0.6986    0.7445       146
           6     0.3034    0.1849    0.2298       146
           7     0.4392    0.4452    0.4422       146
           8     0.2826    0.4452    0.3457       146
           9     0.2057    0.2466    0.2243       146
          10     0.4444    0.4384    0.4414       146
          11     0.6286    0.6027    0.6154       146
          12     0.6727    0.5068    0.5781       146
          13     0.1611    0.1644    0.1627       146
          14     0.4841    0.4178    0.4485       146
          15     0.3540    0.2740    0.3089       146
          16     0.5931    0.5890    0.5911       146
          17     0.5528    0.7534    0.6377       146
          18     0.5410    0.6781    0.6018       146
          19     0.3986    0.3767    0.3873       146
          20     0.3654    0.2603    0.3040       146
          21     0.4393    0.3219    0.3715       146
          22     0.1625    0.0890    0.1150       146
          23     0.4132    0.6849    0.5155       146

    accuracy                         0.4432      3504
   macro avg     0.4450    0.4432    0.4356      3504
weighted avg     0.4450    0.4432    0.4356      3504
              precision    recall  f1-score   support

           0     0.4456    0.5890    0.5074       146
           1     0.3235    0.3767    0.3481       146
           2     0.5051    0.3425    0.4082       146
           3     0.6082    0.4041    0.4856       146
           4     0.5590    0.7466    0.6393       146
           5     0.7969    0.6986    0.7445       146
           6     0.3034    0.1849    0.2298       146
           7     0.4392    0.4452    0.4422       146
           8     0.2826    0.4452    0.3457       146
           9     0.2057    0.2466    0.2243       146
          10     0.4444    0.4384    0.4414       146
          11     0.6286    0.6027    0.6154       146
          12     0.6727    0.5068    0.5781       146
          13     0.1611    0.1644    0.1627       146
          14     0.4841    0.4178    0.4485       146
          15     0.3540    0.2740    0.3089       146
          16     0.5931    0.5890    0.5911       146
          17     0.5528    0.7534    0.6377       146
          18     0.5410    0.6781    0.6018       146
          19     0.3986    0.3767    0.3873       146
          20     0.3654    0.2603    0.3040       146
          21     0.4393    0.3219    0.3715       146
          22     0.1625    0.0890    0.1150       146
          23     0.4132    0.6849    0.5155       146

    accuracy                         0.4432      3504
   macro avg     0.4450    0.4432    0.4356      3504
weighted avg     0.4450    0.4432    0.4356      3504
