[pos_1] Best epoch: 41
Best TEST Acc   : 0.5813
Best TEST MacroF1: 0.5672

=== Classification Report (best) ===
              precision    recall  f1-score   support

           0     0.5812    0.7603    0.6588       146
           1     0.7222    0.6233    0.6691       146
           2     0.6667    0.9178    0.7723       146
           3     0.7284    0.4041    0.5198       146
           4     0.7518    0.7055    0.7279       146
           5     0.6952    1.0000    0.8202       146
           6     0.8205    0.6575    0.7300       146
           7     0.5333    0.4932    0.5125       146
           8     0.5092    0.5685    0.5372       146
           9     0.6224    0.6096    0.6159       146
          10     0.6214    0.5959    0.6084       146
          11     0.5455    0.6164    0.5788       146
          12     0.5056    0.6164    0.5556       146
          13     0.6774    0.1438    0.2373       146
          14     0.6842    0.7123    0.6980       146
          15     0.6117    0.7877    0.6886       146
          16     0.5045    0.7740    0.6108       146
          17     0.3700    0.2534    0.3008       146
          18     0.6282    0.3356    0.4375       146
          19     0.3581    0.5274    0.4266       146
          20     0.6538    0.3493    0.4554       146
          21     0.4649    0.3630    0.4077       146
          22     0.6316    0.4110    0.4979       146
          23     0.4380    0.7260    0.5464       146

    accuracy                         0.5813      3504
   macro avg     0.5969    0.5813    0.5672      3504
weighted avg     0.5969    0.5813    0.5672      3504
              precision    recall  f1-score   support

           0     0.5812    0.7603    0.6588       146
           1     0.7222    0.6233    0.6691       146
           2     0.6667    0.9178    0.7723       146
           3     0.7284    0.4041    0.5198       146
           4     0.7518    0.7055    0.7279       146
           5     0.6952    1.0000    0.8202       146
           6     0.8205    0.6575    0.7300       146
           7     0.5333    0.4932    0.5125       146
           8     0.5092    0.5685    0.5372       146
           9     0.6224    0.6096    0.6159       146
          10     0.6214    0.5959    0.6084       146
          11     0.5455    0.6164    0.5788       146
          12     0.5056    0.6164    0.5556       146
          13     0.6774    0.1438    0.2373       146
          14     0.6842    0.7123    0.6980       146
          15     0.6117    0.7877    0.6886       146
          16     0.5045    0.7740    0.6108       146
          17     0.3700    0.2534    0.3008       146
          18     0.6282    0.3356    0.4375       146
          19     0.3581    0.5274    0.4266       146
          20     0.6538    0.3493    0.4554       146
          21     0.4649    0.3630    0.4077       146
          22     0.6316    0.4110    0.4979       146
          23     0.4380    0.7260    0.5464       146

    accuracy                         0.5813      3504
   macro avg     0.5969    0.5813    0.5672      3504
weighted avg     0.5969    0.5813    0.5672      3504
