[pos_3] Best epoch: 51
Best TEST Acc   : 0.5006
Best TEST MacroF1: 0.4938

=== Classification Report (best) ===
              precision    recall  f1-score   support

           0     0.6642    0.6096    0.6357       146
           1     0.7556    0.6986    0.7260       146
           2     0.4934    0.5137    0.5034       146
           3     0.3944    0.3836    0.3889       146
           4     0.4759    0.4726    0.4742       146
           5     0.4189    0.2123    0.2818       146
           6     0.5573    0.7329    0.6331       146
           7     0.4615    0.4932    0.4768       146
           8     0.3049    0.3425    0.3226       146
           9     0.3650    0.5000    0.4220       146
          10     0.5981    0.4384    0.5059       146
          11     0.4015    0.3767    0.3887       146
          12     0.4470    0.4041    0.4245       146
          13     0.4286    0.4726    0.4495       146
          14     0.2214    0.1986    0.2094       146
          15     0.2609    0.2055    0.2299       146
          16     0.6022    0.7466    0.6667       146
          17     0.6441    0.7808    0.7059       146
          18     0.6503    0.7260    0.6861       146
          19     0.6753    0.3562    0.4664       146
          20     0.4805    0.5068    0.4933       146
          21     0.2576    0.2329    0.2446       146
          22     0.5234    0.7671    0.6222       146
          23     0.9535    0.8425    0.8945       146

    accuracy                         0.5006      3504
   macro avg     0.5015    0.5006    0.4938      3504
weighted avg     0.5015    0.5006    0.4938      3504
              precision    recall  f1-score   support

           0     0.6642    0.6096    0.6357       146
           1     0.7556    0.6986    0.7260       146
           2     0.4934    0.5137    0.5034       146
           3     0.3944    0.3836    0.3889       146
           4     0.4759    0.4726    0.4742       146
           5     0.4189    0.2123    0.2818       146
           6     0.5573    0.7329    0.6331       146
           7     0.4615    0.4932    0.4768       146
           8     0.3049    0.3425    0.3226       146
           9     0.3650    0.5000    0.4220       146
          10     0.5981    0.4384    0.5059       146
          11     0.4015    0.3767    0.3887       146
          12     0.4470    0.4041    0.4245       146
          13     0.4286    0.4726    0.4495       146
          14     0.2214    0.1986    0.2094       146
          15     0.2609    0.2055    0.2299       146
          16     0.6022    0.7466    0.6667       146
          17     0.6441    0.7808    0.7059       146
          18     0.6503    0.7260    0.6861       146
          19     0.6753    0.3562    0.4664       146
          20     0.4805    0.5068    0.4933       146
          21     0.2576    0.2329    0.2446       146
          22     0.5234    0.7671    0.6222       146
          23     0.9535    0.8425    0.8945       146

    accuracy                         0.5006      3504
   macro avg     0.5015    0.5006    0.4938      3504
weighted avg     0.5015    0.5006    0.4938      3504
