[pos_0] Best epoch: 43
Best TEST Acc   : 0.4509
Best TEST MacroF1: 0.4401

=== Classification Report (best) ===
              precision    recall  f1-score   support

           0     0.4726    0.6507    0.5476       146
           1     0.3459    0.3767    0.3607       146
           2     0.5304    0.4178    0.4674       146
           3     0.6667    0.3836    0.4870       146
           4     0.5957    0.7671    0.6707       146
           5     0.7465    0.7260    0.7361       146
           6     0.3151    0.1575    0.2100       146
           7     0.4192    0.4795    0.4473       146
           8     0.3211    0.4795    0.3846       146
           9     0.2404    0.3014    0.2675       146
          10     0.4511    0.4110    0.4301       146
          11     0.7120    0.6096    0.6568       146
          12     0.6881    0.5137    0.5882       146
          13     0.1783    0.1575    0.1673       146
          14     0.4600    0.4726    0.4662       146
          15     0.3932    0.3151    0.3498       146
          16     0.5806    0.6164    0.5980       146
          17     0.5455    0.8219    0.6557       146
          18     0.5181    0.5890    0.5513       146
          19     0.2973    0.3014    0.2993       146
          20     0.2870    0.2260    0.2529       146
          21     0.3690    0.2123    0.2696       146
          22     0.1702    0.1096    0.1333       146
          23     0.4629    0.7260    0.5653       146

    accuracy                         0.4509      3504
   macro avg     0.4486    0.4509    0.4401      3504
weighted avg     0.4486    0.4509    0.4401      3504
              precision    recall  f1-score   support

           0     0.4726    0.6507    0.5476       146
           1     0.3459    0.3767    0.3607       146
           2     0.5304    0.4178    0.4674       146
           3     0.6667    0.3836    0.4870       146
           4     0.5957    0.7671    0.6707       146
           5     0.7465    0.7260    0.7361       146
           6     0.3151    0.1575    0.2100       146
           7     0.4192    0.4795    0.4473       146
           8     0.3211    0.4795    0.3846       146
           9     0.2404    0.3014    0.2675       146
          10     0.4511    0.4110    0.4301       146
          11     0.7120    0.6096    0.6568       146
          12     0.6881    0.5137    0.5882       146
          13     0.1783    0.1575    0.1673       146
          14     0.4600    0.4726    0.4662       146
          15     0.3932    0.3151    0.3498       146
          16     0.5806    0.6164    0.5980       146
          17     0.5455    0.8219    0.6557       146
          18     0.5181    0.5890    0.5513       146
          19     0.2973    0.3014    0.2993       146
          20     0.2870    0.2260    0.2529       146
          21     0.3690    0.2123    0.2696       146
          22     0.1702    0.1096    0.1333       146
          23     0.4629    0.7260    0.5653       146

    accuracy                         0.4509      3504
   macro avg     0.4486    0.4509    0.4401      3504
weighted avg     0.4486    0.4509    0.4401      3504
