[pos_2] Best epoch: 46
Best TEST Acc   : 0.5314
Best TEST MacroF1: 0.5239

=== Classification Report (best) ===
              precision    recall  f1-score   support

           0     0.8345    0.7945    0.8140       146
           1     0.7698    0.7329    0.7509       146
           2     0.6593    0.8219    0.7317       146
           3     0.6083    0.5000    0.5489       146
           4     0.5338    0.5411    0.5374       146
           5     0.6257    0.8014    0.7027       146
           6     0.5894    0.8356    0.6912       146
           7     0.5158    0.3356    0.4066       146
           8     0.3800    0.2603    0.3089       146
           9     0.3730    0.4726    0.4169       146
          10     0.6839    0.7260    0.7043       146
          11     0.6027    0.6027    0.6027       146
          12     0.5474    0.5137    0.5300       146
          13     0.4444    0.3014    0.3592       146
          14     0.4641    0.5753    0.5138       146
          15     0.4636    0.4795    0.4714       146
          16     0.5923    0.5274    0.5580       146
          17     0.5805    0.6918    0.6312       146
          18     0.5822    0.5822    0.5822       146
          19     0.2903    0.1233    0.1731       146
          20     0.2031    0.2671    0.2308       146
          21     0.2367    0.2740    0.2540       146
          22     0.5108    0.4863    0.4982       146
          23     0.6116    0.5068    0.5543       146

    accuracy                         0.5314      3504
   macro avg     0.5293    0.5314    0.5239      3504
weighted avg     0.5293    0.5314    0.5239      3504
              precision    recall  f1-score   support

           0     0.8345    0.7945    0.8140       146
           1     0.7698    0.7329    0.7509       146
           2     0.6593    0.8219    0.7317       146
           3     0.6083    0.5000    0.5489       146
           4     0.5338    0.5411    0.5374       146
           5     0.6257    0.8014    0.7027       146
           6     0.5894    0.8356    0.6912       146
           7     0.5158    0.3356    0.4066       146
           8     0.3800    0.2603    0.3089       146
           9     0.3730    0.4726    0.4169       146
          10     0.6839    0.7260    0.7043       146
          11     0.6027    0.6027    0.6027       146
          12     0.5474    0.5137    0.5300       146
          13     0.4444    0.3014    0.3592       146
          14     0.4641    0.5753    0.5138       146
          15     0.4636    0.4795    0.4714       146
          16     0.5923    0.5274    0.5580       146
          17     0.5805    0.6918    0.6312       146
          18     0.5822    0.5822    0.5822       146
          19     0.2903    0.1233    0.1731       146
          20     0.2031    0.2671    0.2308       146
          21     0.2367    0.2740    0.2540       146
          22     0.5108    0.4863    0.4982       146
          23     0.6116    0.5068    0.5543       146

    accuracy                         0.5314      3504
   macro avg     0.5293    0.5314    0.5239      3504
weighted avg     0.5293    0.5314    0.5239      3504
