[pos_0] Best epoch: 9
Best TEST Acc   : 0.4055
Best TEST MacroF1: 0.3988

=== Classification Report (best) ===
              precision    recall  f1-score   support

           0     0.5039    0.4452    0.4727       146
           1     0.3496    0.5411    0.4247       146
           2     0.4754    0.1986    0.2802       146
           3     0.6348    0.5000    0.5594       146
           4     0.3859    0.6370    0.4806       146
           5     0.6425    0.7877    0.7077       146
           6     0.2524    0.1781    0.2088       146
           7     0.3220    0.2603    0.2879       146
           8     0.2081    0.2466    0.2257       146
           9     0.2395    0.2740    0.2556       146
          10     0.3626    0.4247    0.3912       146
          11     0.6833    0.5616    0.6165       146
          12     0.6397    0.5959    0.6170       146
          13     0.1061    0.1301    0.1169       146
          14     0.7412    0.4315    0.5455       146
          15     0.4353    0.2534    0.3203       146
          16     0.5833    0.6712    0.6242       146
          17     0.5309    0.5890    0.5584       146
          18     0.4040    0.4178    0.4108       146
          19     0.2990    0.4178    0.3486       146
          20     0.6129    0.1301    0.2147       146
          21     0.5522    0.2534    0.3474       146
          22     0.1393    0.1164    0.1269       146
          23     0.3151    0.6712    0.4289       146

    accuracy                         0.4055      3504
   macro avg     0.4341    0.4055    0.3988      3504
weighted avg     0.4341    0.4055    0.3988      3504
              precision    recall  f1-score   support

           0     0.5039    0.4452    0.4727       146
           1     0.3496    0.5411    0.4247       146
           2     0.4754    0.1986    0.2802       146
           3     0.6348    0.5000    0.5594       146
           4     0.3859    0.6370    0.4806       146
           5     0.6425    0.7877    0.7077       146
           6     0.2524    0.1781    0.2088       146
           7     0.3220    0.2603    0.2879       146
           8     0.2081    0.2466    0.2257       146
           9     0.2395    0.2740    0.2556       146
          10     0.3626    0.4247    0.3912       146
          11     0.6833    0.5616    0.6165       146
          12     0.6397    0.5959    0.6170       146
          13     0.1061    0.1301    0.1169       146
          14     0.7412    0.4315    0.5455       146
          15     0.4353    0.2534    0.3203       146
          16     0.5833    0.6712    0.6242       146
          17     0.5309    0.5890    0.5584       146
          18     0.4040    0.4178    0.4108       146
          19     0.2990    0.4178    0.3486       146
          20     0.6129    0.1301    0.2147       146
          21     0.5522    0.2534    0.3474       146
          22     0.1393    0.1164    0.1269       146
          23     0.3151    0.6712    0.4289       146

    accuracy                         0.4055      3504
   macro avg     0.4341    0.4055    0.3988      3504
weighted avg     0.4341    0.4055    0.3988      3504
