[pos_2] Best epoch: 48
Best TEST Acc   : 0.5591
Best TEST MacroF1: 0.5463

=== Classification Report (best) ===
              precision    recall  f1-score   support

           0     0.8731    0.8014    0.8357       146
           1     0.7133    0.6986    0.7059       146
           2     0.6505    0.9178    0.7614       146
           3     0.5243    0.3699    0.4337       146
           4     0.4795    0.4795    0.4795       146
           5     0.6124    0.8767    0.7211       146
           6     0.6667    0.8356    0.7416       146
           7     0.5094    0.3699    0.4286       146
           8     0.3556    0.2192    0.2712       146
           9     0.4889    0.6027    0.5399       146
          10     0.6405    0.6712    0.6555       146
          11     0.6912    0.6438    0.6667       146
          12     0.8214    0.6301    0.7132       146
          13     0.6259    0.6301    0.6280       146
          14     0.5629    0.5822    0.5724       146
          15     0.4780    0.5959    0.5305       146
          16     0.6484    0.4041    0.4979       146
          17     0.7016    0.5959    0.6444       146
          18     0.5587    0.8151    0.6630       146
          19     0.2277    0.1575    0.1862       146
          20     0.2549    0.4452    0.3242       146
          21     0.1383    0.0890    0.1083       146
          22     0.3412    0.1986    0.2511       146
          23     0.7188    0.7877    0.7516       146

    accuracy                         0.5591      3504
   macro avg     0.5535    0.5591    0.5463      3504
weighted avg     0.5535    0.5591    0.5463      3504
              precision    recall  f1-score   support

           0     0.8731    0.8014    0.8357       146
           1     0.7133    0.6986    0.7059       146
           2     0.6505    0.9178    0.7614       146
           3     0.5243    0.3699    0.4337       146
           4     0.4795    0.4795    0.4795       146
           5     0.6124    0.8767    0.7211       146
           6     0.6667    0.8356    0.7416       146
           7     0.5094    0.3699    0.4286       146
           8     0.3556    0.2192    0.2712       146
           9     0.4889    0.6027    0.5399       146
          10     0.6405    0.6712    0.6555       146
          11     0.6912    0.6438    0.6667       146
          12     0.8214    0.6301    0.7132       146
          13     0.6259    0.6301    0.6280       146
          14     0.5629    0.5822    0.5724       146
          15     0.4780    0.5959    0.5305       146
          16     0.6484    0.4041    0.4979       146
          17     0.7016    0.5959    0.6444       146
          18     0.5587    0.8151    0.6630       146
          19     0.2277    0.1575    0.1862       146
          20     0.2549    0.4452    0.3242       146
          21     0.1383    0.0890    0.1083       146
          22     0.3412    0.1986    0.2511       146
          23     0.7188    0.7877    0.7516       146

    accuracy                         0.5591      3504
   macro avg     0.5535    0.5591    0.5463      3504
weighted avg     0.5535    0.5591    0.5463      3504
