[pos_3] Best epoch: 79
Best TEST Acc   : 0.4897
Best TEST MacroF1: 0.4832

=== Classification Report (best) ===
              precision    recall  f1-score   support

           0     0.6979    0.4589    0.5537       146
           1     0.6077    0.7534    0.6728       146
           2     0.4494    0.5479    0.4938       146
           3     0.4711    0.3904    0.4270       146
           4     0.5362    0.5068    0.5211       146
           5     0.4231    0.3014    0.3520       146
           6     0.6011    0.7740    0.6766       146
           7     0.5455    0.4521    0.4944       146
           8     0.2957    0.3767    0.3313       146
           9     0.3438    0.4521    0.3905       146
          10     0.4425    0.5274    0.4813       146
          11     0.4604    0.4384    0.4491       146
          12     0.4216    0.2945    0.3468       146
          13     0.4303    0.4863    0.4566       146
          14     0.2708    0.1781    0.2149       146
          15     0.2584    0.1575    0.1957       146
          16     0.5282    0.7055    0.6041       146
          17     0.6568    0.7603    0.7048       146
          18     0.5758    0.6507    0.6109       146
          19     0.6310    0.3630    0.4609       146
          20     0.4932    0.4932    0.4932       146
          21     0.2609    0.3288    0.2909       146
          22     0.5244    0.5890    0.5548       146
          23     0.8819    0.7671    0.8205       146

    accuracy                         0.4897      3504
   macro avg     0.4920    0.4897    0.4832      3504
weighted avg     0.4920    0.4897    0.4832      3504
              precision    recall  f1-score   support

           0     0.6979    0.4589    0.5537       146
           1     0.6077    0.7534    0.6728       146
           2     0.4494    0.5479    0.4938       146
           3     0.4711    0.3904    0.4270       146
           4     0.5362    0.5068    0.5211       146
           5     0.4231    0.3014    0.3520       146
           6     0.6011    0.7740    0.6766       146
           7     0.5455    0.4521    0.4944       146
           8     0.2957    0.3767    0.3313       146
           9     0.3438    0.4521    0.3905       146
          10     0.4425    0.5274    0.4813       146
          11     0.4604    0.4384    0.4491       146
          12     0.4216    0.2945    0.3468       146
          13     0.4303    0.4863    0.4566       146
          14     0.2708    0.1781    0.2149       146
          15     0.2584    0.1575    0.1957       146
          16     0.5282    0.7055    0.6041       146
          17     0.6568    0.7603    0.7048       146
          18     0.5758    0.6507    0.6109       146
          19     0.6310    0.3630    0.4609       146
          20     0.4932    0.4932    0.4932       146
          21     0.2609    0.3288    0.2909       146
          22     0.5244    0.5890    0.5548       146
          23     0.8819    0.7671    0.8205       146

    accuracy                         0.4897      3504
   macro avg     0.4920    0.4897    0.4832      3504
weighted avg     0.4920    0.4897    0.4832      3504
