[pos_1] Best epoch: 61
Best TEST Acc   : 0.5910
Best TEST MacroF1: 0.5771

=== Classification Report (best) ===
              precision    recall  f1-score   support

           0     0.7500    0.7603    0.7551       146
           1     0.6842    0.8014    0.7382       146
           2     0.7062    0.8562    0.7740       146
           3     0.7431    0.5548    0.6353       146
           4     0.7462    0.6644    0.7029       146
           5     0.8987    0.9726    0.9342       146
           6     0.6490    0.6712    0.6599       146
           7     0.4586    0.4178    0.4373       146
           8     0.6170    0.5959    0.6063       146
           9     0.5564    0.5068    0.5305       146
          10     0.7032    0.7466    0.7243       146
          11     0.6374    0.7466    0.6877       146
          12     0.5281    0.6438    0.5802       146
          13     0.4500    0.1849    0.2621       146
          14     0.6601    0.6918    0.6756       146
          15     0.5632    0.7329    0.6369       146
          16     0.5045    0.7740    0.6108       146
          17     0.4471    0.2603    0.3290       146
          18     0.5132    0.2671    0.3514       146
          19     0.3162    0.5068    0.3895       146
          20     0.6596    0.2123    0.3212       146
          21     0.3839    0.2945    0.3333       146
          22     0.6000    0.6164    0.6081       146
          23     0.4725    0.7055    0.5659       146

    accuracy                         0.5910      3504
   macro avg     0.5937    0.5910    0.5771      3504
weighted avg     0.5937    0.5910    0.5771      3504
              precision    recall  f1-score   support

           0     0.7500    0.7603    0.7551       146
           1     0.6842    0.8014    0.7382       146
           2     0.7062    0.8562    0.7740       146
           3     0.7431    0.5548    0.6353       146
           4     0.7462    0.6644    0.7029       146
           5     0.8987    0.9726    0.9342       146
           6     0.6490    0.6712    0.6599       146
           7     0.4586    0.4178    0.4373       146
           8     0.6170    0.5959    0.6063       146
           9     0.5564    0.5068    0.5305       146
          10     0.7032    0.7466    0.7243       146
          11     0.6374    0.7466    0.6877       146
          12     0.5281    0.6438    0.5802       146
          13     0.4500    0.1849    0.2621       146
          14     0.6601    0.6918    0.6756       146
          15     0.5632    0.7329    0.6369       146
          16     0.5045    0.7740    0.6108       146
          17     0.4471    0.2603    0.3290       146
          18     0.5132    0.2671    0.3514       146
          19     0.3162    0.5068    0.3895       146
          20     0.6596    0.2123    0.3212       146
          21     0.3839    0.2945    0.3333       146
          22     0.6000    0.6164    0.6081       146
          23     0.4725    0.7055    0.5659       146

    accuracy                         0.5910      3504
   macro avg     0.5937    0.5910    0.5771      3504
weighted avg     0.5937    0.5910    0.5771      3504
