[pos_3] Best epoch: 77
Best TEST Acc   : 0.4892
Best TEST MacroF1: 0.4800

=== Classification Report (best) ===
              precision    recall  f1-score   support

           0     0.5984    0.5205    0.5568       146
           1     0.7200    0.4932    0.5854       146
           2     0.5077    0.6781    0.5806       146
           3     0.6444    0.5959    0.6192       146
           4     0.5973    0.6096    0.6034       146
           5     0.6013    0.6507    0.6250       146
           6     0.4644    0.7603    0.5766       146
           7     0.2353    0.0822    0.1218       146
           8     0.4014    0.3904    0.3958       146
           9     0.3915    0.5685    0.4637       146
          10     0.3602    0.4589    0.4036       146
          11     0.3604    0.2740    0.3113       146
          12     0.5000    0.4726    0.4859       146
          13     0.7396    0.4863    0.5868       146
          14     0.2575    0.2945    0.2748       146
          15     0.3716    0.3767    0.3741       146
          16     0.5882    0.4795    0.5283       146
          17     0.6067    0.6233    0.6149       146
          18     0.4872    0.7808    0.6000       146
          19     0.4000    0.1781    0.2464       146
          20     0.2837    0.2740    0.2787       146
          21     0.4516    0.4795    0.4651       146
          22     0.5604    0.6986    0.6220       146
          23     0.7212    0.5137    0.6000       146

    accuracy                         0.4892      3504
   macro avg     0.4938    0.4892    0.4800      3504
weighted avg     0.4938    0.4892    0.4800      3504
