[pos_2] Best epoch: 24
Best TEST Acc   : 0.5194
Best TEST MacroF1: 0.5097

=== Classification Report (best) ===
              precision    recall  f1-score   support

           0     0.7278    0.8425    0.7810       146
           1     0.6944    0.6849    0.6897       146
           2     0.7108    0.8082    0.7564       146
           3     0.6480    0.5548    0.5978       146
           4     0.5391    0.4726    0.5036       146
           5     0.6348    0.7740    0.6975       146
           6     0.5495    0.6849    0.6098       146
           7     0.4327    0.3082    0.3600       146
           8     0.3275    0.3836    0.3533       146
           9     0.6042    0.3973    0.4793       146
          10     0.6352    0.6918    0.6623       146
          11     0.6169    0.6507    0.6333       146
          12     0.5725    0.5137    0.5415       146
          13     0.4493    0.4247    0.4366       146
          14     0.4891    0.4589    0.4735       146
          15     0.4386    0.3425    0.3846       146
          16     0.8235    0.3836    0.5234       146
          17     0.5587    0.6849    0.6154       146
          18     0.4298    0.6712    0.5241       146
          19     0.1622    0.0822    0.1091       146
          20     0.2424    0.3836    0.2971       146
          21     0.0870    0.0411    0.0558       146
          22     0.3665    0.6301    0.4635       146
          23     0.8056    0.5959    0.6850       146

    accuracy                         0.5194      3504
   macro avg     0.5227    0.5194    0.5097      3504
weighted avg     0.5227    0.5194    0.5097      3504
              precision    recall  f1-score   support

           0     0.7278    0.8425    0.7810       146
           1     0.6944    0.6849    0.6897       146
           2     0.7108    0.8082    0.7564       146
           3     0.6480    0.5548    0.5978       146
           4     0.5391    0.4726    0.5036       146
           5     0.6348    0.7740    0.6975       146
           6     0.5495    0.6849    0.6098       146
           7     0.4327    0.3082    0.3600       146
           8     0.3275    0.3836    0.3533       146
           9     0.6042    0.3973    0.4793       146
          10     0.6352    0.6918    0.6623       146
          11     0.6169    0.6507    0.6333       146
          12     0.5725    0.5137    0.5415       146
          13     0.4493    0.4247    0.4366       146
          14     0.4891    0.4589    0.4735       146
          15     0.4386    0.3425    0.3846       146
          16     0.8235    0.3836    0.5234       146
          17     0.5587    0.6849    0.6154       146
          18     0.4298    0.6712    0.5241       146
          19     0.1622    0.0822    0.1091       146
          20     0.2424    0.3836    0.2971       146
          21     0.0870    0.0411    0.0558       146
          22     0.3665    0.6301    0.4635       146
          23     0.8056    0.5959    0.6850       146

    accuracy                         0.5194      3504
   macro avg     0.5227    0.5194    0.5097      3504
weighted avg     0.5227    0.5194    0.5097      3504
